Original_Label	RootTips_ID	Rhizo_ID	Treatment_LandUseHistory	Salvage_Harvest_Status	Treatment_Moisture	Logging	Treatment_GermintationRate	Height	MeanCanWidth	AbovegroundBiomass	RootDryMass	RootToShootRatio	pH	Texture_Name	Texture_PercentClay	Texture_PercentSilt	Texture_PercentSand	Total_C_percent	Total_N_percent	Na_waterextract_mgperL	NH4_waterextract_mgperL	K_waterextract_mgperL	Mg_waterextract_mgperL	Ca_waterextract_mgperL	Cl_waterextract_mgperL	NO3_waterextract_mgperL	PO4_waterextract_mgperL	SO4_waterextract_mgperL	Fungal_Shannons_Rhizo	Fungal_ObservedFeatures_Rhizo	Fungal_EMF_RA_Rhizo	Fungal_EMF_ObservedFeatures_Rhizo	Fungal_PlantPathogen_RA_Rhizo	Fungal_FungalParasite_RA_Rhizo	Fungal_Shannons_RootTips	Fungal_ObservedFeatures_RootTips	Fungal_EMF_RA_RootTips	Fungal_EMF_ObservedFeatures_RootTips	Fungal_PlantPathogen_RA_RootTips	Fungal_FungalParasite_RA_RootTips	Prokayote_Shannons_Rhizo	Prokayote_ObservedFeatures_Rhizo	vip_mean_ITS_rhizosphere_height_positiveassociations	vip_mean_ITS_rhizosphere_height_negativeassociations	vip_mean_ITS_rhizosphere_meancanwidth_positiveassociations	vip_mean_ITS_rhizosphere_meancanwidth_negativeassociations	vip_mean_ITS_rhizosphere_roottoshootratio_positiveassociations	vip_mean_ITS_rhizosphere_roottoshootratio_negativeassociations	vip_mean_ITS_rhizosphere_abovegroundbiomass_positiveassociations	vip_mean_ITS_rhizosphere_abovegroundbiomass_negativeassociations	vip_mean_ITS_rhizosphere_rootdrymass_positiveassociations	vip_mean_ITS_rhizosphere_rootdrymass_negativeassociations	vip_mean_ITS_roottips_height_positiveassociations	vip_mean_ITS_roottips_height_negativeassociations	vip_mean_ITS_roottips_meancanwidth_positiveassociations	vip_mean_ITS_roottips_roottoshootratio_positiveassociations	vip_mean_ITS_roottips_roottoshootratio_negativeassociations	vip_mean_ITS_roottips_abovegroundbiomass_positiveassociations	vip_mean_ITS_roottips_rootdrymass_positiveassociations	vip_mean_ITS_roottips_rootdrymass_negativeassociations
OG_W_04	NA	SFSP140	Old_Forest	Non_Salvage_Harvested	Wet	Non_Logged	0.5	4.4	4.8	0.1161	0.364216185	3.13709031	5.683	SANDY LOAM	10.84006275	19.13688001	70.02305724	3.3185	0.154	1.972699038	1.340739611	2.780906167	0.706413902	6.070124265	1.606889283	10.05009697	0.269056251	2.800354726	2.501283881	170	0.028034472	10	0.00222061	0.000461711	NA	NA	NA	NA	NA	NA	6.10830464	1351	0.000329794	0.000140712	8.79E-05	0.000560649	0.000169548	0.000316358	5.41E-05	0.000302311	0.000567645	6.23E-05	NA	NA	NA	NA	NA	NA	NA	NA
OG_W_05	NA	SFSP141	Old_Forest	Non_Salvage_Harvested	Wet	Non_Logged	0.5	5.7	5.05	0.1337	0.567765079	4.246560055	NA	SANDY LOAM	10.84006275	19.13688001	70.02305724	NA	NA	NA	NA	NA	NA	NA	NA	NA	NA	NA	3.150916279	207	0.01306424	12	0.002265411	0.000858471	NA	NA	NA	NA	NA	NA	6.084734131	1391	0.000248897	0.000222964	0.000176464	0.001114821	0.00023663	0.000422612	6.79E-05	0.00055741	0.000650357	3.18E-05	NA	NA	NA	NA	NA	NA	NA	NA
OG_W_06	NA	SFSP142	Old_Forest	Non_Salvage_Harvested	Wet	Non_Logged	0.5	5.3	4.5	0.1059	0.517090743	4.882820988	5.637	SANDY LOAM	10.84006275	19.13688001	70.02305724	4.406	0.1839	1.997011285	1.17267468	2.897255719	0.909297135	5.598527455	1.478781866	10.16745495	0.455221463	3.131891787	2.459239982	180	0.012144455	11	0.0015573	0.001194641	NA	NA	NA	NA	NA	NA	6.091433938	1190	0.000195996	0.000110931	8.53E-05	0.000554655	0.000122664	0.000233477	5.42E-05	0.000277327	0.000390456	4.74E-05	NA	NA	NA	NA	NA	NA	NA	NA
OG_W_07	NA	SFSP143	Old_Forest	Non_Salvage_Harvested	Wet	Non_Logged	0.5	4.5	4.55	0.0427	0.34934573	8.18139883	5.963	SANDY LOAM	10.84006275	19.13688001	70.02305724	3.1758	0.1464	2.341866962	1.865092135	3.097802494	0.923745585	5.741093531	1.805058355	10.35048151	0.347106402	3.088354846	3.775019128	206	0.044705082	16	0.001292576	0.000384279	NA	NA	NA	NA	NA	NA	5.491809087	658	0.000628821	0.000731878	0.000139738	0.003641921	0.01306483	0.000671519	8.33E-05	0.001820961	0.001385735	0.00026395	NA	NA	NA	NA	NA	NA	NA	NA
OG_W_08	RT56	NA	Old_Forest	Non_Salvage_Harvested	Wet	Non_Logged	0.5	4.4	4.85	NA	0.3216	NA	NA	SANDY LOAM	10.84006275	19.13688001	70.02305724	NA	NA	NA	NA	NA	NA	NA	NA	NA	NA	NA	NA	NA	NA	NA	NA	NA	0.873085934	168	0.814234845	16	0.000152256	0.000867857	NA	NA	NA	NA	NA	NA	NA	NA	NA	NA	NA	NA	0.00321767	0.041753579	0.002207707	0.003673168	0.000365414	9.39E-05	0.001525276	0.003185486
OG_W_12	RT57	NA	Old_Forest	Non_Salvage_Harvested	Wet	Non_Logged	0.5	6	5.25	0.1514	0.3132	2.068692206	NA	SANDY LOAM	10.84006275	19.13688001	70.02305724	NA	NA	NA	NA	NA	NA	NA	NA	NA	NA	NA	NA	NA	NA	NA	NA	NA	1.627743638	102	0.842570972	8	0.000644828	0	NA	NA	NA	NA	NA	NA	NA	NA	NA	NA	NA	NA	0.000874101	0	0.000582734	0.00030092	0.000250767	0	0.000922719	7.34E-05
OG_W_13	RT58	SFSP144	Old_Forest	Non_Salvage_Harvested	Wet	Non_Logged	0.5	5.1	5.45	0.1726	0.569	3.296639629	NA	SANDY LOAM	10.84006275	19.13688001	70.02305724	NA	NA	NA	NA	NA	NA	NA	NA	NA	NA	NA	3.299452371	221	0.069117117	15	0.001266454	0.000211076	0.85495208	167	0.827368255	18	0.002855371	0	NA	NA	0.000684797	0.000193806	0.000733008	0.000887477	0.000183769	0.000715312	0.000346873	0.000443739	0.001035027	9.59E-05	0.000552038	0.000554758	0.000368026	0.019367576	0	0	0.001360089	8.44E-05
OG_W_19	RT59	NA	Old_Forest	Non_Salvage_Harvested	Wet	Non_Logged	0.5	3.8	2.95	0.052	0.2079	3.998076923	NA	SANDY LOAM	10.84006275	19.13688001	70.02305724	NA	NA	NA	NA	NA	NA	NA	NA	NA	NA	NA	NA	NA	NA	NA	NA	NA	0.791584024	137	0.868914647	17	0.001506803	0.000502268	NA	NA	NA	NA	NA	NA	NA	NA	NA	NA	NA	NA	0.002498656	0.000202936	0.00166577	0.037757603	0	0	0.000687629	0.001595898
OG_W_20	NA	NA	Old_Forest	Non_Salvage_Harvested	Wet	Non_Logged	0.5	3.5	3.85	0.0753	0.1433	1.903054449	NA	SANDY LOAM	10.84006275	19.13688001	70.02305724	NA	NA	NA	NA	NA	NA	NA	NA	NA	NA	NA	NA	NA	NA	NA	NA	NA	NA	NA	NA	NA	NA	NA	NA	NA	NA	NA	NA	NA	NA	NA	NA	NA	NA	NA	NA	NA	NA	NA	NA	NA	NA	NA
OG_W_22	NA	SFSP145	Old_Forest	Non_Salvage_Harvested	Wet	Non_Logged	0.5	4.6	4.25	0.1355	0.955592877	7.052345953	NA	SANDY LOAM	10.84006275	19.13688001	70.02305724	NA	NA	NA	NA	NA	NA	NA	NA	NA	NA	NA	3.356009767	230	0.025180386	21	0.000291404	0.001764611	NA	NA	NA	NA	NA	NA	5.259350696	483	0.000440141	0.000314068	0.000165129	0.001432734	0.000156598	0.000805857	0.000149438	0.000716367	0.000851644	0.000150199	NA	NA	NA	NA	NA	NA	NA	NA
OG_W_23	RT60	NA	Old_Forest	Non_Salvage_Harvested	Wet	Non_Logged	0.5	5.8	4.4	0.1703	0.3019	1.772753964	NA	SANDY LOAM	10.84006275	19.13688001	70.02305724	NA	NA	NA	NA	NA	NA	NA	NA	NA	NA	NA	NA	NA	NA	NA	NA	NA	0.814466386	92	0.133381748	11	0.00420647	0.005844104	NA	NA	NA	NA	NA	NA	NA	NA	NA	NA	NA	NA	0.000198015	0.009231757	0.00013201	0	0	0	0.000177754	0.000893611
OG_W_26	RT61	SFSP146	Old_Forest	Non_Salvage_Harvested	Wet	Non_Logged	0.5	3.8	2.1	0.219	0.0659	0.300913242	NA	SANDY LOAM	10.84006275	19.13688001	70.02305724	NA	NA	NA	NA	NA	NA	NA	NA	NA	NA	NA	3.058551447	224	0.201594443	16	0.002215143	0	1.411612499	55	0.971631206	7	0.002819397	0	5.705987845	586	0.000311116	0.00024267	0.000219025	0.001064015	0.000180926	0.001298389	0.000107215	0.000532008	0.000974452	0.000183904	0.000268514	0.003987434	0.000179009	0	0.020715858	0	0.000296324	0.006300911
OG_W_27	RT62	SFSP147	Old_Forest	Non_Salvage_Harvested	Wet	Non_Logged	0.5	4.6	4.15	0.2073	0.3722	1.795465509	NA	SANDY LOAM	10.84006275	19.13688001	70.02305724	NA	NA	NA	NA	NA	NA	NA	NA	NA	NA	NA	3.531377367	263	0.071324494	17	0.001523704	0.000346296	0.963966548	150	0.834892468	17	0.002070763	0	5.82883671	703	0.000267298	0.000304741	0.000204315	0.001116806	0.000280034	0.000910952	0.000201118	0.000558403	0.000875185	0.002663596	0.001963655	7.74E-05	0.001309103	0.001155878	0.00037488	0	0.001293589	0.000251661
OG_W_28	NA	NA	Old_Forest	Non_Salvage_Harvested	Wet	Non_Logged	0.5	2.8	1.75	0.1893	0.0675	0.356576862	NA	SANDY LOAM	10.84006275	19.13688001	70.02305724	NA	NA	NA	NA	NA	NA	NA	NA	NA	NA	NA	NA	NA	NA	NA	NA	NA	NA	NA	NA	NA	NA	NA	NA	NA	NA	NA	NA	NA	NA	NA	NA	NA	NA	NA	NA	NA	NA	NA	NA	NA	NA	NA
OG_W_30	NA	NA	Old_Forest	Non_Salvage_Harvested	Wet	Non_Logged	0.5	NA	NA	NA	0.1687	NA	NA	SANDY LOAM	10.84006275	19.13688001	70.02305724	NA	NA	NA	NA	NA	NA	NA	NA	NA	NA	NA	NA	NA	NA	NA	NA	NA	NA	NA	NA	NA	NA	NA	NA	NA	NA	NA	NA	NA	NA	NA	NA	NA	NA	NA	NA	NA	NA	NA	NA	NA	NA	NA
1Pre_W_01	NA	NA	1stPreMPB	Non_Salvage_Harvested	Wet	Logged	0.677419355	5.1	5.3	0.2459	0.3287	1.336722245	NA	SANDY LOAM	9.972708408	34.15311099	55.8741806	NA	NA	NA	NA	NA	NA	NA	NA	NA	NA	NA	NA	NA	NA	NA	NA	NA	NA	NA	NA	NA	NA	NA	NA	NA	NA	NA	NA	NA	NA	NA	NA	NA	NA	NA	NA	NA	NA	NA	NA	NA	NA	NA
1Pre_W_02	RT28	SFSP108	1stPreMPB	Non_Salvage_Harvested	Wet	Logged	0.677419355	5.9	4.5	0.2755	0.3148	1.142649728	NA	SANDY LOAM	9.972708408	34.15311099	55.8741806	NA	NA	NA	NA	NA	NA	NA	NA	NA	NA	NA	2.262360922	137	0.188418577	6	0.001424453	0.000423944	0.596159094	52	0.884243939	7	0.002734497	0.002834193	5.632304128	976	0.028934204	0.000148381	0.013498389	0.000296761	3.55E-05	0.025662766	0.034100781	0.000148381	0.000146454	0.000236467	0.102344262	0.003209237	0.080086909	0	0.024437197	0.125354868	0.021983304	0.000234822
1Pre_W_04	NA	NA	1stPreMPB	Non_Salvage_Harvested	Wet	Logged	0.677419355	4.3	4.75	0.2397	0.5989	2.498539841	NA	SANDY LOAM	9.972708408	34.15311099	55.8741806	NA	NA	NA	NA	NA	NA	NA	NA	NA	NA	NA	NA	NA	NA	NA	NA	NA	NA	NA	NA	NA	NA	NA	NA	NA	NA	NA	NA	NA	NA	NA	NA	NA	NA	NA	NA	NA	NA	NA	NA	NA	NA	NA
1Pre_W_05	RT29	NA	1stPreMPB	Non_Salvage_Harvested	Wet	Logged	0.677419355	5.6	6.2	0.3315	0.4565	1.377073906	NA	SANDY LOAM	9.972708408	34.15311099	55.8741806	NA	NA	NA	NA	NA	NA	NA	NA	NA	NA	NA	NA	NA	NA	NA	NA	NA	0.687444057	38	0.982935877	6	0	0.000835917	NA	NA	NA	NA	NA	NA	NA	NA	NA	NA	NA	NA	0.085486979	0.000406348	0.101469046	0	0.021748343	0.155143789	0.028768217	2.97E-05
1Pre_W_06	NA	SFSP109	1stPreMPB	Non_Salvage_Harvested	Wet	Logged	0.677419355	5.9	5.95	0.2935	0.283096227	0.964552733	5.817	SANDY LOAM	9.972708408	34.15311099	55.8741806	22.9647	0.7074	2.517585612	4.148267949	2.467016689	1.499655985	9.827641741	1.984334025	20.87945677	0.904042947	4.064467284	2.55025232	175	0.05538099	7	0.005322328	0.013800702	NA	NA	NA	NA	NA	NA	6.162506511	1072	0.005262802	0.00014473	0.000735788	0.000662957	3.81E-05	0.005502851	0.006244577	0.000331478	0.000199764	0.000312285	NA	NA	NA	NA	NA	NA	NA	NA
1Pre_W_08	RT30	SFSP110	1stPreMPB	Non_Salvage_Harvested	Wet	Logged	0.677419355	6.2	6	0.383	0.7078	1.848041775	NA	SANDY LOAM	9.972708408	34.15311099	55.8741806	NA	NA	NA	NA	NA	NA	NA	NA	NA	NA	NA	2.842470845	175	0.014987715	4	0.005059269	0.001881546	0.492508227	59	0.51104707	8	0	0.002793168	5.638597031	604	0.035531171	0	0.034787699	0	1.73E-05	0.032418344	0.044446303	0	0.000771624	0.000383278	0.119781889	0.002320009	0.103359942	0	0.002869484	0.150762398	0.033746149	0.000169757
1Pre_W_10	NA	NA	1stPreMPB	Non_Salvage_Harvested	Wet	Logged	0.677419355	7.3	5.85	0.289	0.2942	1.01799308	NA	SANDY LOAM	9.972708408	34.15311099	55.8741806	NA	NA	NA	NA	NA	NA	NA	NA	NA	NA	NA	NA	NA	NA	NA	NA	NA	NA	NA	NA	NA	NA	NA	NA	NA	NA	NA	NA	NA	NA	NA	NA	NA	NA	NA	NA	NA	NA	NA	NA	NA	NA	NA
1Pre_W_11	NA	NA	1stPreMPB	Non_Salvage_Harvested	Wet	Logged	0.677419355	5.6	4.95	0.3361	0.5077	1.510562333	NA	SANDY LOAM	9.972708408	34.15311099	55.8741806	NA	NA	NA	NA	NA	NA	NA	NA	NA	NA	NA	NA	NA	NA	NA	NA	NA	NA	NA	NA	NA	NA	NA	NA	NA	NA	NA	NA	NA	NA	NA	NA	NA	NA	NA	NA	NA	NA	NA	NA	NA	NA	NA
1Pre_W_14	NA	SFSP111	1stPreMPB	Non_Salvage_Harvested	Wet	Logged	0.677419355	5.9	4.6	0.1745	0.119695486	0.685934018	5.902	SANDY LOAM	9.972708408	34.15311099	55.8741806	22.2346	0.714	2.258284703	6.752144127	2.516112591	1.302399349	8.139422512	1.883253837	21.1658952	1.329725367	4.179613573	3.13750484	191	0.601123309	9	0.010140959	0.027664537	NA	NA	NA	NA	NA	NA	5.77469462	715	0.0058957	0.000156171	0.00200791	0.000765642	5.62E-05	0.005895278	0.003819241	0.000382821	0.000331271	0.000396624	NA	NA	NA	NA	NA	NA	NA	NA
1Pre_W_15	NA	NA	1stPreMPB	Non_Salvage_Harvested	Wet	Logged	0.677419355	NA	NA	0.0097	0.0266	2.742268041	NA	SANDY LOAM	9.972708408	34.15311099	55.8741806	NA	NA	NA	NA	NA	NA	NA	NA	NA	NA	NA	NA	NA	NA	NA	NA	NA	NA	NA	NA	NA	NA	NA	NA	NA	NA	NA	NA	NA	NA	NA	NA	NA	NA	NA	NA	NA	NA	NA	NA	NA	NA	NA
1Pre_W_16	NA	NA	1stPreMPB	Non_Salvage_Harvested	Wet	Logged	0.677419355	6.9	6.7	0.4101	0.9728	2.372104365	NA	SANDY LOAM	9.972708408	34.15311099	55.8741806	NA	NA	NA	NA	NA	NA	NA	NA	NA	NA	NA	NA	NA	NA	NA	NA	NA	NA	NA	NA	NA	NA	NA	NA	NA	NA	NA	NA	NA	NA	NA	NA	NA	NA	NA	NA	NA	NA	NA	NA	NA	NA	NA
1Pre_W_17	RT31	NA	1stPreMPB	Non_Salvage_Harvested	Wet	Logged	0.677419355	7.5	5.65	0.3018	0.6983	2.313783963	NA	SANDY LOAM	9.972708408	34.15311099	55.8741806	NA	NA	NA	NA	NA	NA	NA	NA	NA	NA	NA	NA	NA	NA	NA	NA	NA	0.740020054	107	0.047864918	8	0.001577568	0.045673138	NA	NA	NA	NA	NA	NA	NA	NA	NA	NA	NA	NA	0.022700864	0.001552123	0.022068989	0	0.000551301	0.029210453	0.032075701	0.00011357
1Pre_W_18	NA	NA	1stPreMPB	Non_Salvage_Harvested	Wet	Logged	0.677419355	7.6	6.35	0.4149	0.5158	1.24319113	NA	SANDY LOAM	9.972708408	34.15311099	55.8741806	NA	NA	NA	NA	NA	NA	NA	NA	NA	NA	NA	NA	NA	NA	NA	NA	NA	NA	NA	NA	NA	NA	NA	NA	NA	NA	NA	NA	NA	NA	NA	NA	NA	NA	NA	NA	NA	NA	NA	NA	NA	NA	NA
1Pre_W_19	RT32	NA	1stPreMPB	Non_Salvage_Harvested	Wet	Logged	0.677419355	5	6.35	0.4528	0.4123	0.910556537	NA	SANDY LOAM	9.972708408	34.15311099	55.8741806	NA	NA	NA	NA	NA	NA	NA	NA	NA	NA	NA	NA	NA	NA	NA	NA	NA	0.829787798	72	0.86368826	6	3.77E-05	0.006924398	NA	NA	NA	NA	NA	NA	NA	NA	NA	NA	NA	NA	0.070152764	0.000641497	0.061797576	0	0.012993466	0.0994824	0.019838574	4.69E-05
1Pre_W_20	NA	NA	1stPreMPB	Non_Salvage_Harvested	Wet	Logged	0.677419355	6.9	6.15	0.3291	0.4618	1.403220905	NA	SANDY LOAM	9.972708408	34.15311099	55.8741806	NA	NA	NA	NA	NA	NA	NA	NA	NA	NA	NA	NA	NA	NA	NA	NA	NA	NA	NA	NA	NA	NA	NA	NA	NA	NA	NA	NA	NA	NA	NA	NA	NA	NA	NA	NA	NA	NA	NA	NA	NA	NA	NA
1Pre_W_21	NA	SFSP112	1stPreMPB	Non_Salvage_Harvested	Wet	Logged	0.677419355	6.1	6	0.3171	0.337030244	1.062851605	NA	SANDY LOAM	9.972708408	34.15311099	55.8741806	NA	NA	NA	NA	NA	NA	NA	NA	NA	NA	NA	3.006509841	170	0.013176169	7	0.005898359	0.008829983	NA	NA	NA	NA	NA	NA	6.081128279	1229	0.007638462	7.37E-05	0.004809971	0.000342315	4.73E-05	0.007922018	0.011916899	0.000171158	0.000177142	0.000342315	NA	NA	NA	NA	NA	NA	NA	NA
1Pre_W_22	RT33	SFSP113	1stPreMPB	Non_Salvage_Harvested	Wet	Logged	0.677419355	6.9	7.05	0.2126	0.234912313	1.10494973	5.762	SANDY LOAM	9.972708408	34.15311099	55.8741806	22.897	0.7143	2.225135289	5.099829375	2.25641614	1.789050237	10.99234347	1.71669722	21.98400982	0.983840046	3.897869767	2.88350919	183	0.562940098	9	0.00582829	0.00358664	0.950085812	63	0.974136486	7	0	0	6.43560854	1620	0.023443921	0	0.02059329	0	1.87E-05	0.021009241	0.022068755	0	0.000151142	0.000489842	0.043974965	0.003451974	0.075979735	0	0.072328072	0.107488773	0.010465442	0.000355579
1Pre_W_23	NA	SFSP114	1stPreMPB	Non_Salvage_Harvested	Wet	Logged	0.677419355	6.2	6.35	0.1847	0.214352568	1.160544492	NA	SANDY LOAM	9.972708408	34.15311099	55.8741806	NA	NA	NA	NA	NA	NA	NA	NA	NA	NA	NA	2.926869771	220	0.501519485	9	0.007975895	0.002534562	NA	NA	NA	NA	NA	NA	6.355837968	1561	0.015761255	0.00013559	0.006866359	0.000567175	4.33E-05	0.014626413	0.013924413	0.000283587	0.000198726	0.000369254	NA	NA	NA	NA	NA	NA	NA	NA
1Pre_W_24	NA	NA	1stPreMPB	Non_Salvage_Harvested	Wet	Logged	0.677419355	6	6.25	0.3513	0.66	1.878736123	NA	SANDY LOAM	9.972708408	34.15311099	55.8741806	NA	NA	NA	NA	NA	NA	NA	NA	NA	NA	NA	NA	NA	NA	NA	NA	NA	NA	NA	NA	NA	NA	NA	NA	NA	NA	NA	NA	NA	NA	NA	NA	NA	NA	NA	NA	NA	NA	NA	NA	NA	NA	NA
1Pre_W_25	NA	SFSP115	1stPreMPB	Non_Salvage_Harvested	Wet	Logged	0.677419355	5.8	5.95	0.3101	0.6379	2.057078362	NA	SANDY LOAM	9.972708408	34.15311099	55.8741806	NA	NA	NA	NA	NA	NA	NA	NA	NA	NA	NA	3.023412289	213	0.021443246	9	0.004585461	0.008801478	NA	NA	NA	NA	NA	NA	6.233108881	1291	0.005537596	0.000103227	0.001821145	0.000472672	1.71E-05	0.006266073	0.007153186	0.000236336	0.000219296	0.000470861	NA	NA	NA	NA	NA	NA	NA	NA
1Pre_W_26	NA	NA	1stPreMPB	Non_Salvage_Harvested	Wet	Logged	0.677419355	6.2	5.8	0.2877	0.545	1.894334376	NA	SANDY LOAM	9.972708408	34.15311099	55.8741806	NA	NA	NA	NA	NA	NA	NA	NA	NA	NA	NA	NA	NA	NA	NA	NA	NA	NA	NA	NA	NA	NA	NA	NA	NA	NA	NA	NA	NA	NA	NA	NA	NA	NA	NA	NA	NA	NA	NA	NA	NA	NA	NA
1Pre_W_27	RT34	NA	1stPreMPB	Non_Salvage_Harvested	Wet	Logged	0.677419355	3.6	3.2	0.1729	0.2007	1.160786582	NA	SANDY LOAM	9.972708408	34.15311099	55.8741806	NA	NA	NA	NA	NA	NA	NA	NA	NA	NA	NA	NA	NA	NA	NA	NA	NA	0.567751178	57	0.991325862	5	8.25E-05	0.000212199	NA	NA	NA	NA	NA	NA	NA	NA	NA	NA	NA	NA	0.077340674	0.000400821	0.082348965	0	0.046552158	0.130028922	0.019528632	2.93E-05
2Pre_W_01	RT8	SFSP84	2ndPreMPB	Non_Salvage_Harvested	Wet	Logged	0.366666667	5.1	4.35	0.1041	0.5199	4.994236311	6.214	SANDY LOAM	10.65692373	31.11001966	58.2330566	6.579	0.2114	NA	NA	NA	NA	NA	NA	NA	NA	NA	2.989736027	224	0.041312559	7	0.028794609	0.000440343	0.621180191	58	0.94897202	5	0	0	5.745077764	640	0.003438984	0.000704549	0.000421198	0.003106333	4.20E-05	0.003074956	0.003132474	0.001553167	0.004278116	8.40E-05	0.003471525	0.001503984	0.00231435	0.008208817	0	0.001828474	0.001053488	0.000159418
2Pre_W_02	NA	NA	2ndPreMPB	Non_Salvage_Harvested	Wet	Logged	0.366666667	NA	NA	0.1916	NA	NA	5.594	SANDY LOAM	10.65692373	31.11001966	58.2330566	3.2955	0.1424	2.222377041	1.462400507	3.172800724	1.290137286	9.111250706	1.798168206	9.629156246	0.18064265	3.402383954	NA	NA	NA	NA	NA	NA	NA	NA	NA	NA	NA	NA	NA	NA	NA	NA	NA	NA	NA	NA	NA	NA	NA	NA	NA	NA	NA	NA	NA	NA	NA	NA
2Pre_W_06	RT9	SFSP85	2ndPreMPB	Non_Salvage_Harvested	Wet	Logged	0.366666667	5.2	4.35	0.0975	0.2123	2.177435897	6.279	SANDY LOAM	10.65692373	31.11001966	58.2330566	4.9479	0.1784	NA	NA	NA	NA	NA	NA	NA	NA	NA	3.079584547	182	0.048675867	9	0.207623699	0.000976853	0.545827099	84	0.966299193	11	0.000256608	0	5.71212601	635	0.000796347	0.000653005	0.000191123	0.003190699	0.000246664	0.000664213	8.00E-05	0.001595349	0.001584329	0.00010618	0.000937331	6.42E-05	0.000624887	0.000130977	0	0	0.000747293	0.001883876
2Pre_W_07	NA	SFSP86	2ndPreMPB	Non_Salvage_Harvested	Wet	Logged	0.366666667	5.2	5	0.1604	0.284380932	1.772948451	NA	SANDY LOAM	10.65692373	31.11001966	58.2330566	NA	NA	NA	NA	NA	NA	NA	NA	NA	NA	NA	3.89804805	273	0.248805173	14	0.012341548	0.004350051	NA	NA	NA	NA	NA	NA	5.820271401	681	0.004662527	0.002285253	0.000531454	0.009807299	0.000110909	0.002902221	0.000292224	0.005275175	0.006108443	0.001062908	NA	NA	NA	NA	NA	NA	NA	NA
2Pre_W_11	RT10	NA	2ndPreMPB	Non_Salvage_Harvested	Wet	Logged	0.366666667	3.2	2.6	0.057	0.0946	1.659649123	NA	SANDY LOAM	10.65692373	31.11001966	58.2330566	NA	NA	NA	NA	NA	NA	NA	NA	NA	NA	NA	NA	NA	NA	NA	NA	NA	0.70197822	27	0.99582021	6	0.000490523	0	NA	NA	NA	NA	NA	NA	NA	NA	NA	NA	NA	NA	0	0.000366257	0	0	0	0	0.003429457	0.016776368
2Pre_W_13	RT11	SFSP87	2ndPreMPB	Non_Salvage_Harvested	Wet	Logged	0.366666667	4.9	5.2	0.2155	0.4996	2.318329466	6.149	SANDY LOAM	10.65692373	31.11001966	58.2330566	4.4505	0.1803	NA	NA	NA	NA	NA	NA	NA	NA	NA	3.47241398	296	0.019697312	13	0.149231291	0.00042747	1.079858445	165	0.597583693	11	0.00887925	0.000648797	5.963554339	871	0.000977469	0.001034772	0.000383249	0.004462641	0.000116505	0.001573942	0.000168947	0.002246061	0.001746955	0.000186711	0.009036815	6.80E-05	0.006024543	0.000162199	0	0	0.00828474	0.000222445
2Pre_W_17	NA	SFSP88	2ndPreMPB	Non_Salvage_Harvested	Wet	Logged	0.366666667	3.9	4.1	0.1852	0.644554869	3.480317864	NA	SANDY LOAM	10.65692373	31.11001966	58.2330566	NA	NA	NA	NA	NA	NA	NA	NA	NA	NA	NA	3.342647466	248	0.218522793	12	0.042719251	0.000627072	NA	NA	NA	NA	NA	NA	NA	NA	0.005152345	0.001294455	0.000161247	0.005973977	0.000148585	0.005294027	0.005133718	0.002986988	0.002513376	0.000231419	NA	NA	NA	NA	NA	NA	NA	NA
2Pre_W_20	RT12	NA	2ndPreMPB	Non_Salvage_Harvested	Wet	Logged	0.366666667	2.2	1.5	0.0435	0.0508	1.167816092	NA	SANDY LOAM	10.65692373	31.11001966	58.2330566	NA	NA	NA	NA	NA	NA	NA	NA	NA	NA	NA	NA	NA	NA	NA	NA	NA	0.878717703	34	0.038297872	2	0	0	NA	NA	NA	NA	NA	NA	NA	NA	NA	NA	NA	NA	0.002082915	0	0.00138861	0	0	0	0.000458305	0.021432786
2Pre_W_21	RT13	NA	2ndPreMPB	Non_Salvage_Harvested	Wet	Logged	0.366666667	NA	NA	NA	0.0693	NA	NA	SANDY LOAM	10.65692373	31.11001966	58.2330566	NA	NA	NA	NA	NA	NA	NA	NA	NA	NA	NA	NA	NA	NA	NA	NA	NA	1.407517259	36	0.504682622	5	0	0	NA	NA	NA	NA	NA	NA	NA	NA	NA	NA	NA	NA	0.002647465	0	0.001764977	0.001276456	0	0	0.000567314	0.01069488
2Pre_W_22	NA	SFSP89	2ndPreMPB	Non_Salvage_Harvested	Wet	Logged	0.366666667	5	4.9	NA	1.454525993	NA	NA	SANDY LOAM	10.65692373	31.11001966	58.2330566	NA	NA	NA	NA	NA	NA	NA	NA	NA	NA	NA	3.263225868	226	0.04122583	12	0.007158459	0.002465451	NA	NA	NA	NA	NA	NA	5.717914716	766	0.001467917	0.001092152	0.000211942	0.005325591	6.95E-05	0.001184666	8.15E-05	0.002662795	0.01662574	6.01E-05	NA	NA	NA	NA	NA	NA	NA	NA
2Pre_W_24	NA	SFSP90	2ndPreMPB	Non_Salvage_Harvested	Wet	Logged	0.366666667	3.9	4.7	0.158	0.46658156	2.95304785	NA	SANDY LOAM	10.65692373	31.11001966	58.2330566	NA	NA	NA	NA	NA	NA	NA	NA	NA	NA	NA	3.925884162	267	0.104008078	9	0.118489853	0.000668003	NA	NA	NA	NA	NA	NA	6.333295963	1244	0.001347523	0.001170156	0.000294843	0.005228849	8.33E-05	0.001380795	0.000264012	0.002614424	0.002199453	0.000197074	NA	NA	NA	NA	NA	NA	NA	NA
2Pre_W_28	NA	SFSP91	2ndPreMPB	Non_Salvage_Harvested	Wet	Logged	0.366666667	5.5	4.85	0.1784	0.448924581	2.51639339	NA	SANDY LOAM	10.65692373	31.11001966	58.2330566	NA	NA	NA	NA	NA	NA	NA	NA	NA	NA	NA	3.701898515	245	0.247431947	12	0.01668959	0.000555438	NA	NA	NA	NA	NA	NA	6.033725592	995	0.003096236	0.001165097	0.000264494	0.005051841	0.000142929	0.001491454	0.000545265	0.00252592	0.003383122	0.000217473	NA	NA	NA	NA	NA	NA	NA	NA
1Post_W_01	RT21	NA	1stPostMPB	Salvage_Harvested	Wet	Logged	0.733333333	3.7	2.65	0.0569	0.145	2.548330404	NA	SANDY LOAM	8.570496629	17.24302298	74.18648039	NA	NA	NA	NA	NA	NA	NA	NA	NA	NA	NA	NA	NA	NA	NA	NA	NA	0.949555296	67	0.920811972	5	0.001749271	9.72E-05	NA	NA	NA	NA	NA	NA	NA	NA	NA	NA	NA	NA	0.000174117	0.019177195	0.000116078	0.000789602	0	0	3.73E-05	0.00292197
1Post_W_03	NA	NA	1stPostMPB	Salvage_Harvested	Wet	Logged	0.733333333	1.4	1.1	0.0111	0.0289	2.603603604	NA	SANDY LOAM	8.570496629	17.24302298	74.18648039	NA	NA	NA	NA	NA	NA	NA	NA	NA	NA	NA	NA	NA	NA	NA	NA	NA	NA	NA	NA	NA	NA	NA	NA	NA	NA	NA	NA	NA	NA	NA	NA	NA	NA	NA	NA	NA	NA	NA	NA	NA	NA	NA
1Post_W_05	RT22	NA	1stPostMPB	Salvage_Harvested	Wet	Logged	0.733333333	3.9	3.15	0.0862	0.2054	2.382830626	6.251	SANDY LOAM	8.570496629	17.24302298	74.18648039	1.807	0.1279	2.091344292	0.963186916	2.614770288	1.103974198	6.373417034	1.965334115	8.274641075	0.16100254	3.265491667	NA	NA	NA	NA	NA	NA	0.942500481	124	0.789222406	7	0.012261283	0.004113591	NA	NA	NA	NA	NA	NA	NA	NA	NA	NA	NA	NA	0	0.00111948	0	0.00047197	0	0	7.10E-05	0.000296632
1Post_W_06	NA	SFSP100	1stPostMPB	Salvage_Harvested	Wet	Logged	0.733333333	3.6	3.15	0.0813	0.214310186	2.636041647	NA	SANDY LOAM	8.570496629	17.24302298	74.18648039	NA	NA	NA	NA	NA	NA	NA	NA	NA	NA	NA	3.545742538	245	0.007007801	7	0.045319684	0.002015718	NA	NA	NA	NA	NA	NA	6.280535843	1437	6.09E-05	0.002282971	0	0.007383417	8.89E-05	0.001280899	7.49E-05	0.004249428	3.84E-05	0.002146576	NA	NA	NA	NA	NA	NA	NA	NA
1Post_W_08	NA	SFSP101	1stPostMPB	Salvage_Harvested	Wet	Logged	0.733333333	4.8	3.15	0.0727	0.155	2.132049519	6.05	SANDY LOAM	8.570496629	17.24302298	74.18648039	1.4819	0.1191	1.764611966	0.226326606	2.513926288	1.240670309	8.636388077	1.902918627	10.04542979	0.112294798	2.874409766	3.702962246	269	0.0271373	8	0.011988555	0.001816881	NA	NA	NA	NA	NA	NA	6.01178434	1400	1.70E-05	0.0024299	0	0.009881974	0.000137834	0.004003338	2.09E-05	0.005502504	4.55E-05	0.003950087	NA	NA	NA	NA	NA	NA	NA	NA
1Post_W_09	NA	NA	1stPostMPB	Salvage_Harvested	Wet	Logged	0.733333333	4.5	3.6	NA	0.252983922	NA	NA	SANDY LOAM	8.570496629	17.24302298	74.18648039	NA	NA	NA	NA	NA	NA	NA	NA	NA	NA	NA	NA	NA	NA	NA	NA	NA	NA	NA	NA	NA	NA	NA	NA	NA	NA	NA	NA	NA	NA	NA	NA	NA	NA	NA	NA	NA	NA	NA	NA	NA	NA	NA
1Post_W_10	RT23	NA	1stPostMPB	Salvage_Harvested	Wet	Logged	0.733333333	2.9	2.9	0.0599	0.148	2.470784641	NA	SANDY LOAM	8.570496629	17.24302298	74.18648039	NA	NA	NA	NA	NA	NA	NA	NA	NA	NA	NA	NA	NA	NA	NA	NA	NA	0.585418805	65	0.972569089	8	0.001576302	0	NA	NA	NA	NA	NA	NA	NA	NA	NA	NA	NA	NA	0.011966637	0.00026035	0.007977758	3.55E-05	0	0.011760724	0.002595724	0.002493819
1Post_W_11	NA	NA	1stPostMPB	Salvage_Harvested	Wet	Logged	0.733333333	4.2	3.1	0.105	0.1809	1.722857143	NA	SANDY LOAM	8.570496629	17.24302298	74.18648039	NA	NA	NA	NA	NA	NA	NA	NA	NA	NA	NA	NA	NA	NA	NA	NA	NA	NA	NA	NA	NA	NA	NA	NA	NA	NA	NA	NA	NA	NA	NA	NA	NA	NA	NA	NA	NA	NA	NA	NA	NA	NA	NA
1Post_W_12	NA	NA	1stPostMPB	Salvage_Harvested	Wet	Logged	0.733333333	1	2.95	0.065	0.1843	2.835384615	NA	SANDY LOAM	8.570496629	17.24302298	74.18648039	NA	NA	NA	NA	NA	NA	NA	NA	NA	NA	NA	NA	NA	NA	NA	NA	NA	NA	NA	NA	NA	NA	NA	NA	NA	NA	NA	NA	NA	NA	NA	NA	NA	NA	NA	NA	NA	NA	NA	NA	NA	NA	NA
1Post_W_13	RT24	SFSP102	1stPostMPB	Salvage_Harvested	Wet	Logged	0.733333333	3.5	3.05	0.065	0.1552	2.387692308	NA	SANDY LOAM	8.570496629	17.24302298	74.18648039	NA	NA	NA	NA	NA	NA	NA	NA	NA	NA	NA	3.643265546	307	0.004733394	4	0.021422451	0.001507707	0.928980133	149	0.642423035	6	0.003311634	0	6.160594986	1157	2.03E-06	0.002764852	0	0.008417125	0.000188359	0.001224484	2.50E-06	0.005239009	2.96E-05	0.002685188	0.000217622	0.112463099	0.000145081	0.00083737	0	0	0.000147334	0.014183487
1Post_W_14	RT25	NA	1stPostMPB	Salvage_Harvested	Wet	Logged	0.733333333	3.6	3.15	0.0641	0.1913	2.984399376	NA	SANDY LOAM	8.570496629	17.24302298	74.18648039	NA	NA	NA	NA	NA	NA	NA	NA	NA	NA	NA	NA	NA	NA	NA	NA	NA	0.794241055	65	0.862485833	7	0.020380128	0	NA	NA	NA	NA	NA	NA	NA	NA	NA	NA	NA	NA	0.03070061	0.000150706	0.028524064	0	0.012085485	0.042725233	0.006588639	0.000272713
1Post_W_15	NA	SFSP103	1stPostMPB	Salvage_Harvested	Wet	Logged	0.733333333	3.8	3.3	0.0909	0.253033012	2.783641494	NA	SANDY LOAM	8.570496629	17.24302298	74.18648039	NA	NA	NA	NA	NA	NA	NA	NA	NA	NA	NA	3.137661044	183	0.449691766	5	0.004806298	0.007064429	NA	NA	NA	NA	NA	NA	6.159841257	1225	0.004571939	0.000774808	0	0.00265693	7.09E-05	0.004684299	0.005627002	0.001592604	4.39E-05	0.001499666	NA	NA	NA	NA	NA	NA	NA	NA
1Post_W_16	NA	NA	1stPostMPB	Salvage_Harvested	Wet	Logged	0.733333333	3.8	3.6	0.0693	0.198	2.857142857	6.204	SANDY LOAM	8.570496629	17.24302298	74.18648039	3.9851	0.1014	1.454288595	0.528060174	1.923143967	1.096824001	10.75681974	1.403298579	11.39999796	0.140341159	2.017347961	NA	NA	NA	NA	NA	NA	NA	NA	NA	NA	NA	NA	NA	NA	NA	NA	NA	NA	NA	NA	NA	NA	NA	NA	NA	NA	NA	NA	NA	NA	NA	NA
1Post_W_17	NA	NA	1stPostMPB	Salvage_Harvested	Wet	Logged	0.733333333	2.6	1.6	0.0212	0.0529	2.495283019	NA	SANDY LOAM	8.570496629	17.24302298	74.18648039	NA	NA	NA	NA	NA	NA	NA	NA	NA	NA	NA	NA	NA	NA	NA	NA	NA	NA	NA	NA	NA	NA	NA	NA	NA	NA	NA	NA	NA	NA	NA	NA	NA	NA	NA	NA	NA	NA	NA	NA	NA	NA	NA
1Post_W_18	NA	SFSP104	1stPostMPB	Salvage_Harvested	Wet	Logged	0.733333333	3.6	4.6	0.0762	0.282765461	3.710832821	NA	SANDY LOAM	8.570496629	17.24302298	74.18648039	NA	NA	NA	NA	NA	NA	NA	NA	NA	NA	NA	4.010139817	351	0.004990619	9	0.022931221	0.00293604	NA	NA	NA	NA	NA	NA	6.100494979	1227	2.26E-05	0.002617592	7.23E-05	0.009749157	0.000139563	0.001979945	2.78E-05	0.005729041	7.48E-05	0.003263103	NA	NA	NA	NA	NA	NA	NA	NA
1Post_W_19	NA	NA	1stPostMPB	Salvage_Harvested	Wet	Logged	0.733333333	4.7	2.75	NA	NA	NA	5.87	SANDY LOAM	8.570496629	17.24302298	74.18648039	1.5717	0.1165	0.848711882	0.467078992	2.978133258	1.139991167	6.287431155	0.869096839	9.941733238	0.521765604	1.219986619	NA	NA	NA	NA	NA	NA	NA	NA	NA	NA	NA	NA	NA	NA	NA	NA	NA	NA	NA	NA	NA	NA	NA	NA	NA	NA	NA	NA	NA	NA	NA	NA
1Post_W_20	NA	NA	1stPostMPB	Salvage_Harvested	Wet	Logged	0.733333333	4.9	2.75	0.0396	0.2042	5.156565657	NA	SANDY LOAM	8.570496629	17.24302298	74.18648039	NA	NA	NA	NA	NA	NA	NA	NA	NA	NA	NA	NA	NA	NA	NA	NA	NA	NA	NA	NA	NA	NA	NA	NA	NA	NA	NA	NA	NA	NA	NA	NA	NA	NA	NA	NA	NA	NA	NA	NA	NA	NA	NA
1Post_W_22	NA	SFSP105	1stPostMPB	Salvage_Harvested	Wet	Logged	0.733333333	3.4	2.75	0.0753	0.159953379	2.124214865	NA	SANDY LOAM	8.570496629	17.24302298	74.18648039	NA	NA	NA	NA	NA	NA	NA	NA	NA	NA	NA	3.121836155	237	0.012951485	6	0.006258924	0.002440482	NA	NA	NA	NA	NA	NA	6.214602398	1317	3.42E-05	0.001327323	0	0.004860212	7.50E-05	0.000821795	4.21E-05	0.002791198	4.13E-05	0.001399173	NA	NA	NA	NA	NA	NA	NA	NA
1Post_W_23	RT26	SFSP106	1stPostMPB	Salvage_Harvested	Wet	Logged	0.733333333	4.2	3.9	0.1056	0.2795	2.646780303	NA	SANDY LOAM	8.570496629	17.24302298	74.18648039	NA	NA	NA	NA	NA	NA	NA	NA	NA	NA	NA	2.918669606	241	0.045298119	5	0.007128791	0.000968107	0.524765032	28	0.965665236	5	0	0	6.256696399	1462	0	0.000958756	0	0.003589148	6.52E-05	0.000949161	0	0.00211636	2.30E-05	0.001183854	8.46E-06	0	5.64E-06	1.27E-05	0.000894116	0	0.032857264	0.000317416
1Post_W_25	NA	SFSP107	1stPostMPB	Salvage_Harvested	Wet	Logged	0.733333333	4.4	4.8	0.089	0.283331718	3.183502449	NA	SANDY LOAM	8.570496629	17.24302298	74.18648039	NA	NA	NA	NA	NA	NA	NA	NA	NA	NA	NA	3.408880069	289	0.009002692	5	0.02169594	0.002061394	NA	NA	NA	NA	NA	NA	6.201920086	1301	2.10E-05	0.001883237	6.72E-05	0.007072634	0.000108164	0.001146255	2.58E-05	0.004407279	5.26E-05	0.002393041	NA	NA	NA	NA	NA	NA	NA	NA
1Post_W_27	NA	NA	1stPostMPB	Salvage_Harvested	Wet	Logged	0.733333333	3.1	2.05	0.0308	0.0686	2.227272727	NA	SANDY LOAM	8.570496629	17.24302298	74.18648039	NA	NA	NA	NA	NA	NA	NA	NA	NA	NA	NA	NA	NA	NA	NA	NA	NA	NA	NA	NA	NA	NA	NA	NA	NA	NA	NA	NA	NA	NA	NA	NA	NA	NA	NA	NA	NA	NA	NA	NA	NA	NA	NA
1Post_W_29	NA	NA	1stPostMPB	Salvage_Harvested	Wet	Logged	0.733333333	4.2	3	0.0685	0.1903	2.77810219	NA	SANDY LOAM	8.570496629	17.24302298	74.18648039	NA	NA	NA	NA	NA	NA	NA	NA	NA	NA	NA	NA	NA	NA	NA	NA	NA	NA	NA	NA	NA	NA	NA	NA	NA	NA	NA	NA	NA	NA	NA	NA	NA	NA	NA	NA	NA	NA	NA	NA	NA	NA	NA
1Post_W_30	RT27	NA	1stPostMPB	Salvage_Harvested	Wet	Logged	0.733333333	4.6	2.85	0.0618	0.2151	3.480582524	NA	SANDY LOAM	8.570496629	17.24302298	74.18648039	NA	NA	NA	NA	NA	NA	NA	NA	NA	NA	NA	NA	NA	NA	NA	NA	NA	1.426638759	36	0.601876676	5	0.00185907	0	NA	NA	NA	NA	NA	NA	NA	NA	NA	NA	NA	NA	0	1.00E-04	0	0.00089955	0	0	0	0.009715142
2Post_W_02	NA	NA	2ndPostMPB	Salvage_Harvested	Wet	Logged	0.433333333	2	0.85	0.0164	0.0157	0.957317073	6.374	SANDY LOAM	9.044816804	25.15202481	65.80315839	2.1249	0.1352	2.080837981	0.91158853	1.834417669	1.217881269	6.909537087	1.593725853	7.76692347	0.12772354	2.526249336	NA	NA	NA	NA	NA	NA	NA	NA	NA	NA	NA	NA	NA	NA	NA	NA	NA	NA	NA	NA	NA	NA	NA	NA	NA	NA	NA	NA	NA	NA	NA	NA
2Post_W_03	NA	SFSP156	2ndPostMPB	Salvage_Harvested	Wet	Logged	0.433333333	4	3.2	0.0682	0.153546785	2.251419131	NA	SANDY LOAM	9.044816804	25.15202481	65.80315839	NA	NA	NA	NA	NA	NA	NA	NA	NA	NA	NA	3.115982241	230	0.062836073	14	0.005521499	0.000376795	NA	NA	NA	NA	NA	NA	NA	NA	2.08E-05	0.002560758	0	0.007463444	2.51E-06	0.004474846	1.78E-05	0.004257061	0.000242414	0.00426793	NA	NA	NA	NA	NA	NA	NA	NA
2Post_W_04	NA	SFSP157	2ndPostMPB	Salvage_Harvested	Wet	Logged	0.433333333	3.5	2.85	NA	0.153612933	NA	NA	SANDY LOAM	9.044816804	25.15202481	65.80315839	NA	NA	NA	NA	NA	NA	NA	NA	NA	NA	NA	3.952069538	285	0.125809175	17	0.043177	0.00074978	NA	NA	NA	NA	NA	NA	5.41873004	605	0.000161591	0.005137287	0	0.015758312	5.22E-05	0.00464519	0.000171037	0.009026449	0.000546078	0.004411063	NA	NA	NA	NA	NA	NA	NA	NA
2Post_W_05	RT69	SFSP158	2ndPostMPB	Salvage_Harvested	Wet	Logged	0.433333333	2.8	2.15	0.059	0.1256	2.128813559	6.216	SANDY LOAM	9.044816804	25.15202481	65.80315839	1.3389	0.104	2.001231131	1.69314959	2.321627476	1.377350216	7.435816893	1.864651148	9.806614364	0.082374523	2.373226249	3.523627312	204	0.01373559	5	0.003161091	0.00154321	0.791217337	44	0.639118457	6	0.002627466	0	5.803825241	787	0	0.001731133	0	0.007317802	0.000134983	0.001263883	0	0.004184712	6.49E-05	0.002508407	3.40E-05	0.007187781	2.27E-05	0	0	0	6.23E-05	0.001352957
2Post_W_09	RT70	SFSP159	2ndPostMPB	Salvage_Harvested	Wet	Logged	0.433333333	2.2	1.4	0.0479	0.0395	0.824634656	6.398	SANDY LOAM	9.044816804	25.15202481	65.80315839	1.8794	0.1283	2.086470753	0.201671054	2.617683315	1.395151419	8.368500615	1.685387742	7.455389809	0.075212425	3.273359369	3.367069876	227	0.014225182	12	0.030742306	0.000148593	0.671906879	39	0.283464567	2	0.000742167	0	NA	NA	0	0.003228603	0	0.010228173	4.83E-05	0.001233691	0	0.005642418	0.000204128	0.003266301	0	0.000481406	4.46E-06	0	0.006268303	0	0	0.000117416
2Post_W_15	NA	NA	2ndPostMPB	Salvage_Harvested	Wet	Logged	0.433333333	2.5	0.85	0.0143	0.0496	3.468531469	NA	SANDY LOAM	9.044816804	25.15202481	65.80315839	NA	NA	NA	NA	NA	NA	NA	NA	NA	NA	NA	NA	NA	NA	NA	NA	NA	NA	NA	NA	NA	NA	NA	NA	NA	NA	NA	NA	NA	NA	NA	NA	NA	NA	NA	NA	NA	NA	NA	NA	NA	NA	NA
2Post_W_17	RT71	SFSP160	2ndPostMPB	Salvage_Harvested	Wet	Logged	0.433333333	2.5	2.45	0.0535	0.1538	2.874766355	NA	SANDY LOAM	9.044816804	25.15202481	65.80315839	NA	NA	NA	NA	NA	NA	NA	NA	NA	NA	NA	2.981914261	224	0.020444538	11	0.004856767	0.000219515	0.893334521	60	0.965991406	13	0.000324123	0	5.645050089	631	0	0.002211612	0	0.005288936	4.88E-05	0.001643313	0	0.003035479	0.000178772	0.00265552	0	0.206709343	0	0	0	0	0	0.01527396
2Post_W_18	NA	SFSP161	2ndPostMPB	Salvage_Harvested	Wet	Logged	0.433333333	3.7	3.4	0.0682	0.259984186	3.812084844	NA	SANDY LOAM	9.044816804	25.15202481	65.80315839	NA	NA	NA	NA	NA	NA	NA	NA	NA	NA	NA	3.806130969	302	0.163658716	20	0.012911851	0.001080566	NA	NA	NA	NA	NA	NA	NA	NA	1.49E-05	0.00502738	0	0.015027197	4.12E-05	0.002340209	0	0.008690317	0.000513921	0.004683471	NA	NA	NA	NA	NA	NA	NA	NA
2Post_W_21	RT72	NA	2ndPostMPB	Salvage_Harvested	Wet	Logged	0.433333333	2.7	2.2	0.0823	0.176	2.138517618	NA	SANDY LOAM	9.044816804	25.15202481	65.80315839	NA	NA	NA	NA	NA	NA	NA	NA	NA	NA	NA	NA	NA	NA	NA	NA	NA	0.76963917	27	0.986862148	4	0.003940181	0	NA	NA	NA	NA	NA	NA	NA	NA	NA	NA	NA	NA	0	0.245477747	0	0	0	0	9.59E-06	0.020196157
2Post_W_23	RT73	NA	2ndPostMPB	Salvage_Harvested	Wet	Logged	0.433333333	2	1.8	0.0253	0.0429	1.695652174	NA	SANDY LOAM	9.044816804	25.15202481	65.80315839	NA	NA	NA	NA	NA	NA	NA	NA	NA	NA	NA	NA	NA	NA	NA	NA	NA	0.628753491	49	0.983180605	5	0.000962149	0.001228275	NA	NA	NA	NA	NA	NA	NA	NA	NA	NA	NA	NA	0	0.288603656	0	0	0	0	0	0.022211804
2Post_W_25	NA	SFSP162	2ndPostMPB	Salvage_Harvested	Wet	Logged	0.433333333	4	3.35	0.0883	0.190318516	2.155362585	NA	SANDY LOAM	9.044816804	25.15202481	65.80315839	NA	NA	NA	NA	NA	NA	NA	NA	NA	NA	NA	3.687077595	232	0.124521791	14	0.008016369	0.00036438	NA	NA	NA	NA	NA	NA	5.482608141	678	1.58E-05	0.004893909	0	0.015374051	9.54E-05	0.002443217	1.94E-05	0.008485859	0.00050028	0.005613638	NA	NA	NA	NA	NA	NA	NA	NA
2Post_W_26	NA	SFSP163	2ndPostMPB	Salvage_Harvested	Wet	Logged	0.433333333	3.2	3.25	0.0543	0.153574212	2.828254369	NA	SANDY LOAM	9.044816804	25.15202481	65.80315839	NA	NA	NA	NA	NA	NA	NA	NA	NA	NA	NA	3.819188346	273	0.061251843	17	0.017751113	0.003814118	NA	NA	NA	NA	NA	NA	5.660846148	848	4.51E-05	0.005896421	0	0.017689263	0.000169693	0.001902478	5.55E-05	0.010192458	0.000362357	0.004973244	NA	NA	NA	NA	NA	NA	NA	NA
2Post_W_30	RT74	NA	2ndPostMPB	Salvage_Harvested	Wet	Logged	0.433333333	3.3	2.3	0.0652	0.0869	1.332822086	NA	SANDY LOAM	9.044816804	25.15202481	65.80315839	NA	NA	NA	NA	NA	NA	NA	NA	NA	NA	NA	NA	NA	NA	NA	NA	NA	0.676234527	46	0.879235575	4	0.070038723	0	NA	NA	NA	NA	NA	NA	NA	NA	NA	NA	NA	NA	0.000469009	0.287602921	0.000312673	0	0	0.000469009	0.000189837	0.023304395
RC_W_03	RT75	NA	Recent_Cut	Salvage_Harvested	Wet	Logged	0.566666667	4.6	4.25	0.1271	0.3441	2.707317073	6.12	SANDY LOAM	11.36339286	20.06075893	68.57584821	5.3285	0.2102	2.599843597	1.905828331	2.267644344	1.881900254	11.14527533	2.623926367	11.15495895	0.242719492	3.191590287	NA	NA	NA	NA	NA	NA	1.169181782	174	0.080435546	13	0.000796085	0.000983399	NA	NA	NA	NA	NA	NA	NA	NA	NA	NA	NA	NA	0.001311199	0.002505327	0.000874133	8.19E-05	0.000917059	0	0.001094617	0.000204447
RC_W_06	NA	NA	Recent_Cut	Salvage_Harvested	Wet	Logged	0.566666667	4.4	5	NA	NA	NA	NA	SANDY LOAM	11.36339286	20.06075893	68.57584821	NA	NA	NA	NA	NA	NA	NA	NA	NA	NA	NA	NA	NA	NA	NA	NA	NA	NA	NA	NA	NA	NA	NA	NA	NA	NA	NA	NA	NA	NA	NA	NA	NA	NA	NA	NA	NA	NA	NA	NA	NA	NA	NA
RC_W_07	RT76	NA	Recent_Cut	Salvage_Harvested	Wet	Logged	0.566666667	3.5	2.95	0.0942	0.2085	2.213375796	5.989	SANDY LOAM	11.36339286	20.06075893	68.57584821	4.9234	0.1968	2.36734212	2.450316937	2.205790417	1.598918742	9.539478693	2.097026922	12.71074529	0.1253723	3.597856682	NA	NA	NA	NA	NA	NA	1.397400824	207	0.056044568	10	0.00233252	0.000108489	NA	NA	NA	NA	NA	NA	NA	NA	NA	NA	NA	NA	0.012566676	0.000108489	0.008377784	0.00058313	0	0	0.004133248	0.000599999
RC_W_09	NA	SFSP164	Recent_Cut	Salvage_Harvested	Wet	Logged	0.566666667	3.2	3.5	0.0526	0.348233721	6.620412951	6.14	SANDY LOAM	11.36339286	20.06075893	68.57584821	8.3545	0.2736	2.558185777	2.313938459	2.090083165	1.569527308	9.125960052	2.303286434	10.52772486	0.234256984	3.040443648	3.445991736	227	0.30353839	10	0.006067526	0.002250856	NA	NA	NA	NA	NA	NA	6.208203376	1200	0.00013864	0.000378405	9.13E-05	0.001843092	0.001589024	0.000473006	9.79E-05	0.000921546	0.000913391	0.000302651	NA	NA	NA	NA	NA	NA	NA	NA
RC_W_10	NA	NA	Recent_Cut	Salvage_Harvested	Wet	Logged	0.566666667	3.3	2.75	0.0676	0.1684	2.49112426	NA	SANDY LOAM	11.36339286	20.06075893	68.57584821	NA	NA	NA	NA	NA	NA	NA	NA	NA	NA	NA	NA	NA	NA	NA	NA	NA	NA	NA	NA	NA	NA	NA	NA	NA	NA	NA	NA	NA	NA	NA	NA	NA	NA	NA	NA	NA	NA	NA	NA	NA	NA	NA
RC_W_11	RT77	NA	Recent_Cut	Salvage_Harvested	Wet	Logged	0.566666667	3.5	2.9	0.1187	0.3589	3.02358888	NA	SANDY LOAM	11.36339286	20.06075893	68.57584821	NA	NA	NA	NA	NA	NA	NA	NA	NA	NA	NA	NA	NA	NA	NA	NA	NA	1.575948862	123	0.704878991	9	0	0.00407189	NA	NA	NA	NA	NA	NA	NA	NA	NA	NA	NA	NA	0.000249618	0.000202814	0.000166412	0.000503136	0	0	0.000351025	5.94E-05
RC_W_15	RT78	SFSP165	Recent_Cut	Salvage_Harvested	Wet	Logged	0.566666667	4.5	3.25	0.1249	0.2281	1.826261009	NA	SANDY LOAM	11.36339286	20.06075893	68.57584821	NA	NA	NA	NA	NA	NA	NA	NA	NA	NA	NA	2.934175867	175	0.305635838	7	0.002506266	0.000844216	0.878378546	124	0.788671875	9	0.000230725	0.008729091	5.939449092	1122	0.000248978	0.000180715	7.91E-05	0.000685925	8.68E-05	0.000688857	0.000168437	0.000342963	0.00047647	0.004778027	0.000865218	0.00131385	0.000576812	0.000173044	0	0	0.000674321	9.61E-05
RC_W_16	NA	SFSP166	Recent_Cut	Salvage_Harvested	Wet	Logged	0.566666667	4.8	4.65	0.111	0.648892606	5.845879333	NA	SANDY LOAM	11.36339286	20.06075893	68.57584821	NA	NA	NA	NA	NA	NA	NA	NA	NA	NA	NA	2.721355996	154	0.228669712	7	0.001781929	0.000122892	NA	NA	NA	NA	NA	NA	5.655581871	794	0.000293788	0.000141325	6.76E-05	0.000614458	0.000223332	0.000199699	5.44E-05	0.000307229	0.000593045	0.000235542	NA	NA	NA	NA	NA	NA	NA	NA
RC_W_17	RT79	SFSP167	Recent_Cut	Salvage_Harvested	Wet	Logged	0.566666667	4.3	3.65	0.1428	0.3025	2.118347339	NA	SANDY LOAM	11.36339286	20.06075893	68.57584821	NA	NA	NA	NA	NA	NA	NA	NA	NA	NA	NA	3.120615148	188	0.155375552	8	0.004428837	0.000603932	0.730250979	74	0.972536121	7	0.000255638	0.001752944	5.891980065	1035	0.000370468	0.000162167	0.000272888	0.000671036	0.000208193	0.000433688	0.000135928	0.000335518	0.000605966	0.000182671	0.000155209	0.010262029	0.00010753	0.000100429	0	0	0.000208032	0.000758451
RC_W_19	NA	NA	Recent_Cut	Salvage_Harvested	Wet	Logged	0.566666667	4.6	3.5	0.1591	0.3458	2.173475801	NA	SANDY LOAM	11.36339286	20.06075893	68.57584821	NA	NA	NA	NA	NA	NA	NA	NA	NA	NA	NA	NA	NA	NA	NA	NA	NA	NA	NA	NA	NA	NA	NA	NA	NA	NA	NA	NA	NA	NA	NA	NA	NA	NA	NA	NA	NA	NA	NA	NA	NA	NA	NA
RC_W_20	RT80	SFSP168	Recent_Cut	Salvage_Harvested	Wet	Logged	0.566666667	4.9	3.8	0.1385	0.3915	2.826714801	NA	SANDY LOAM	11.36339286	20.06075893	68.57584821	NA	NA	NA	NA	NA	NA	NA	NA	NA	NA	NA	3.179365666	262	0.277259569	12	0.0068586	0.000516412	0.698382667	117	0.954237612	12	0.002031316	0	NA	NA	7.36E-05	0.000192848	9.04E-05	0.000746377	0.000177206	0.000538826	5.21E-05	0.000419585	0.000542331	0.000259103	0.000462689	0.002556073	0.000308459	0	0	0.000124136	0.000811317	0.000191571
RC_W_22	NA	SFSP169	Recent_Cut	Salvage_Harvested	Wet	Logged	0.566666667	4.3	3.35	0.0897	0.753671726	8.402137415	NA	SANDY LOAM	11.36339286	20.06075893	68.57584821	NA	NA	NA	NA	NA	NA	NA	NA	NA	NA	NA	2.698451276	211	0.005601986	8	0.002169064	0.004722714	NA	NA	NA	NA	NA	NA	5.674265928	993	0.000212484	0.000196139	3.38E-05	0.000899931	0.009808713	0.000307669	4.02E-05	0.000467272	0.001455366	0.00012905	NA	NA	NA	NA	NA	NA	NA	NA
RC_W_23	NA	NA	Recent_Cut	Salvage_Harvested	Wet	Logged	0.566666667	3.2	2.8	NA	0.276726836	NA	NA	SANDY LOAM	11.36339286	20.06075893	68.57584821	NA	NA	NA	NA	NA	NA	NA	NA	NA	NA	NA	NA	NA	NA	NA	NA	NA	NA	NA	NA	NA	NA	NA	NA	NA	NA	NA	NA	NA	NA	NA	NA	NA	NA	NA	NA	NA	NA	NA	NA	NA	NA	NA
RC_W_25	RT81	NA	Recent_Cut	Salvage_Harvested	Wet	Logged	0.566666667	4.3	5.4	0.3041	0.4821	1.585333772	NA	SANDY LOAM	11.36339286	20.06075893	68.57584821	NA	NA	NA	NA	NA	NA	NA	NA	NA	NA	NA	NA	NA	NA	NA	NA	NA	1.145423316	172	0.814724647	11	0.000255975	0.00109371	NA	NA	NA	NA	NA	NA	NA	NA	NA	NA	NA	NA	0.000484801	0.000124109	0.021393278	0	0.032089917	0.03159736	0.000950763	0.000191272
RC_W_26	NA	SFSP170	Recent_Cut	Salvage_Harvested	Wet	Logged	0.566666667	5	4.5	0.139	1.454678897	10.4653158	NA	SANDY LOAM	11.36339286	20.06075893	68.57584821	NA	NA	NA	NA	NA	NA	NA	NA	NA	NA	NA	3.026911155	241	0.225558365	11	0.004825598	0.006427456	NA	NA	NA	NA	NA	NA	6.023968311	1013	0.000271565	0.000174202	0.000160186	0.000845981	0.010940383	0.000337058	9.86E-05	0.000435505	0.017272157	0.000175759	NA	NA	NA	NA	NA	NA	NA	NA
RC_W_27	NA	SFSP171	Recent_Cut	Salvage_Harvested	Wet	Logged	0.566666667	4.3	3.65	0.0996	0.737444011	7.404056335	NA	SANDY LOAM	11.36339286	20.06075893	68.57584821	NA	NA	NA	NA	NA	NA	NA	NA	NA	NA	NA	3.184822237	237	0.542559834	9	0.004043127	0.001835178	NA	NA	NA	NA	NA	NA	6.111813248	1293	0.000206099	0.000339795	4.01E-05	0.00150542	0.012084162	0.000560749	0.000152196	0.000831565	0.00077856	0.000379143	NA	NA	NA	NA	NA	NA	NA	NA
RC_W_28	NA	NA	Recent_Cut	Salvage_Harvested	Wet	Logged	0.566666667	NA	NA	0.1043	0.2577	2.47075743	NA	SANDY LOAM	11.36339286	20.06075893	68.57584821	NA	NA	NA	NA	NA	NA	NA	NA	NA	NA	NA	NA	NA	NA	NA	NA	NA	NA	NA	NA	NA	NA	NA	NA	NA	NA	NA	NA	NA	NA	NA	NA	NA	NA	NA	NA	NA	NA	NA	NA	NA	NA	NA
RC_W_29	NA	NA	Recent_Cut	Salvage_Harvested	Wet	Logged	0.566666667	4.6	4.65	0.166	0.3597	2.16686747	NA	SANDY LOAM	11.36339286	20.06075893	68.57584821	NA	NA	NA	NA	NA	NA	NA	NA	NA	NA	NA	NA	NA	NA	NA	NA	NA	NA	NA	NA	NA	NA	NA	NA	NA	NA	NA	NA	NA	NA	NA	NA	NA	NA	NA	NA	NA	NA	NA	NA	NA	NA	NA