Sample	Decade	Year_Cut	Soil_Depth	MPB_Impact	Animal Parasite	Animal Pathogen	Arbuscular Mycorrhizal	Dung Saprotroph	Ectomycorrhizal	Endophyte	Epiphyte	Fungal Parasite	Lichen Parasite	Lichenized	Plant Pathogen	Plant Saprotroph	Soil Saprotroph	Undefined Saprotroph	Unknown	Wood Saprotroph
Sample1	2nd PreMPB_NEW	1992	5-15cm	Non_MPB	0	25	0	39	22515	0	0	0	14	0	14	138	18	496	4622	0
Sample10	1st PreMPB_Old	1988	5-15cm	Non_MPB	0	90	58	209	7608	0	0	0	0	0	27	1210	19	1461	23382	2
Sample100	Old Forest	Matrix Forest	0-5cm	Non_MPB	0	90	0	119	13160	29	89	0	0	0	720	566	0	2966	20466	0
Sample101	Old Forest	Matrix Forest	OrgC	Non_MPB	8	43	2	127	11068	116	0	44	0	0	950	832	5	1869	11876	5
Sample102	1st PreMPB_Old	1986	OrgC	Non_MPB	0	1159	0	65	13341	137	27	43	0	0	2222	2808	271	6008	30313	17
Sample103	Old Forest	Matrix Forest	OrgC	Non_MPB	0	32	0	112	14460	11	0	0	32	0	734	59	0	2168	15229	7
Sample104	Early MPB	2010	0-5cm	MPB	24	122	171	59	8716	0	2	47	0	0	258	2125	36	3546	11559	14
Sample105	Early MPB	2010	0-5cm	MPB	0	92	444	43	67	3	7	245	0	0	601	335	13	2676	33896	2
Sample106	Recent Cuts	2019/2021	0-5cm	MPB	0	53	0	0	814	0	0	26	0	0	118	43	0	1738	16734	0
Sample107	Early MPB	2010	0-5cm	MPB	4	405	255	114	1607	0	0	38	0	0	1209	813	15	4690	18479	0
Sample108	Recent Cuts	2019/2021	0-5cm	MPB	0	124	34	15	129	0	5	0	0	0	471	550	0	728	20989	0
Sample109	Recent Cuts	2019/2021	0-5cm	MPB	0	72	9	83	6340	0	0	4	0	0	20	98	6	2404	26724	2
Sample11	2nd PreMPB_NEW	1992	5-15cm	Non_MPB	0	86	42	53	17625	0	0	3	0	0	302	480	348	1647	10717	2
Sample110	Late MPB	2013	0-5cm	MPB	0	644	74	1014	19654	769	2	29	0	0	327	3066	228	1276	11509	0
Sample111	Late MPB	2013	0-5cm	MPB	0	383	0	183	9736	0	0	54	0	0	510	2698	17	1359	14785	0
Sample112	Late MPB	2014	0-5cm	MPB	8	204	8	70	5608	0	0	265	25	0	466	124	22	1831	16780	4
Sample113	Late MPB	2014	0-5cm	MPB	0	696	143	177	555	0	0	71	0	0	762	1928	343	4106	13011	4
Sample114	Late MPB	2014	0-5cm	MPB	0	53	11	225	8853	0	0	14	0	0	271	303	0	1225	15745	0
Sample115	Late MPB	2012	0-5cm	MPB	0	198	429	2069	10	0	0	89	0	0	587	1566	24	3620	22390	29
Sample116	Late MPB	2013	0-5cm	MPB	0	525	64	193	11622	464	3	78	0	0	859	1768	58	1743	13643	3
Sample117	Late MPB	2014	0-5cm	MPB	0	66	0	448	10411	0	0	11	11	0	154	2151	21	706	28800	0
Sample118	Late MPB	2014	0-5cm	MPB	7	132	81	61	21296	0	0	175	53	0	289	169	18	1334	7997	0
Sample119	Late MPB	2012	0-5cm	MPB	5	198	7	733	10112	0	0	10	0	0	705	1257	79	1486	25440	11
Sample12	1st PreMPB_Old	1988	5-15cm	Non_MPB	0	75	8	342	13736	0	0	0	0	0	67	766	0	470	18540	0
Sample120	Recent Cuts	2019	0-5cm	MPB	0	66	113	290	1575	0	5	134	0	0	1469	165	0	2094	30699	5
Sample121	Late MPB	2012	0-5cm	MPB	0	815	616	861	191	0	8	459	0	0	3567	1909	102	6688	41489	33
Sample122	Late MPB	2014	0-5cm	MPB	0	73	47	243	2268	0	0	0	26	0	379	189	5	4258	13238	0
Sample123	Late MPB	2013	0-5cm	MPB	0	379	60	219	10759	22	0	12	0	0	774	1883	344	1969	12532	4
Sample124	Recent Cuts	2019	0-5cm	MPB	0	22	0	685	100	7	0	0	0	0	125	84	0	2802	10814	0
Sample125	Recent Cuts	2019	0-5cm	MPB	2	40	0	55	290	0	0	3	0	0	48	151	0	6033	7579	0
Sample126	Late MPB	2014	5-15cm	MPB	0	118	22	63	7840	0	0	45	0	0	337	130	14	4234	15519	11
Sample127	Early MPB	2009	5-15cm	MPB	0	215	115	592	18962	0	0	50	0	0	538	708	51	2657	10432	0
Sample128	Early MPB	2010	5-15cm	MPB	0	88	81	59	5338	0	0	30	0	0	151	1557	17	1236	13277	9
Sample129	Early MPB	2010	5-15cm	MPB	7	282	270	157	878	0	0	30	0	0	2065	197	40	3957	19600	0
Sample13	Recent Cuts	2018	5-15cm	MPB	8	52	39	22	2888	25	0	7	0	0	61	783	11	1320	16127	0
Sample130	Recent Cuts	2019/2021	5-15cm	MPB	0	0	70	3	6684	0	0	6	0	0	632	50	269	658	17219	0
Sample131	Early MPB	2009	5-15cm	MPB	0	57	29	190	9926	0	16	9	0	0	66	145	6	649	12624	0
Sample132	Early MPB	2010	5-15cm	MPB	4	22	135	16	139	0	7	58	0	0	248	656	24	2832	26448	9
Sample133	Recent Cuts	2019/2021	5-15cm	MPB	0	46	0	0	2202	0	0	10	0	0	46	21	0	2831	7644	0
Sample134	Early MPB	2009	5-15cm	MPB	10	376	346	494	807	66	0	125	0	0	452	1569	23	1905	13887	175
Sample135	Late MPB	2012	5-15cm	MPB	0	68	0	552	6042	0	0	6	0	0	156	384	15	673	25688	20
Sample136	Early MPB	2009	5-15cm	MPB	30	249	239	61	5744	0	0	85	0	0	307	1050	6	4629	21207	8
Sample137	Recent Cuts	2019/2021	5-15cm	MPB	0	259	73	36	1253	14	0	12	0	0	623	2679	0	1361	47719	0
Sample14	2nd PreMPB_NEW	1996	5-15cm	Non_MPB	0	214	0	319	16097	13	0	2	0	0	47	1537	16	1309	13474	0
Sample140	Late MPB	2014	5-15cm	MPB	0	125	27	42	21287	0	0	95	0	0	356	89	39	1860	14088	0
Sample141	Late MPB	2012	5-15cm	MPB	0	182	271	4473	18	2	0	51	0	0	1036	1810	46	4255	25268	53
Sample142	Early MPB	2009	5-15cm	MPB	0	25	98	32	4899	0	6	9	0	0	175	182	64	1328	20850	0
Sample143	Early MPB	2008	OrgC	MPB	0	613	64	654	12660	123	17	78	93	0	539	2513	43	4097	21547	8
Sample144	Early MPB	2008	OrgC	MPB	395	2806	234	245	8123	2	0	261	828	0	1639	4800	3482	7013	55934	35
Sample145	Early MPB	2008	OrgC	MPB	0	223	109	142	1122	5	0	13	0	0	773	3099	10	1872	33872	2
Sample146	Early MPB	2008	OrgC	MPB	27	403	65	170	2513	0	0	29	0	0	335	702	119	3111	10607	5
Sample147	Early MPB	2008	OrgC	MPB	119	657	3	213	3405	18	0	81	0	0	1400	910	482	2814	12008	671
Sample148	Early MPB	2009	OrgC	MPB	0	565	7	669	6370	0	2	111	2	0	526	1090	462	3163	11036	0
Sample149	Early MPB	2008	OrgC	MPB	2	1186	0	80	1401	0	0	24	21	0	409	960	212	1870	20175	20
Sample15	2nd PreMPB_NEW	1996	5-15cm	Non_MPB	0	90	2	9	7935	200	0	0	0	0	14	40	4	636	24651	0
Sample150	Early MPB	2010	OrgC	MPB	0	546	0	196	14	0	0	197	5	0	1339	1347	1694	3358	10584	683
Sample151	Early MPB	2010	OrgC	MPB	111	736	38	264	352	3	0	71	0	0	752	3000	96	7204	14869	3
Sample152	Early MPB	2010	OrgC	MPB	0	799	0	727	5282	0	0	73	0	0	2060	929	1460	12695	15887	68
Sample153	Early MPB	2009	OrgC	MPB	359	232	19	124	5880	0	14	160	0	0	1046	2151	11	2419	13749	6
Sample154	Early MPB	2009	OrgC	MPB	2	1063	0	65	11898	0	0	23	70	0	199	1388	84	488	18814	0
Sample155	Early MPB	2009	OrgC	MPB	21	251	19	51	9458	0	11	21	41	0	205	1194	1558	1881	10895	29
Sample156	Early MPB	2009	OrgC	MPB	0	1283	0	739	6531	0	2	17	0	0	1014	2144	1591	4361	11686	46
Sample157	Recent Cuts	2019/2021	OrgC	MPB	0	40	0	21	18	31	4	93	33	0	1823	354	10	2219	13143	0
Sample158	Early MPB	2009	OrgC	MPB	87	260	21	62	12421	0	20	158	0	0	808	1412	8	2767	18329	0
Sample159	Early MPB	2009	OrgC	MPB	118	1469	26	540	8	10	7	261	0	0	693	15149	20	1924	11249	99
Sample16	1st PreMPB_Old	1989	5-15cm	Non_MPB	0	16	10	75	13933	0	0	0	0	0	61	475	0	590	8047	0
Sample160	Recent Cuts	2019/2021	OrgC	MPB	0	93	3	203	11	22	41	115	39	0	2769	4569	8	2130	19701	21
Sample161	Recent Cuts	2019/2021	OrgC	MPB	0	64	0	28	2904	0	0	23	2	0	75	51	23	1068	11291	46
Sample162	Old Forest	Matrix Forest	0-5cm	Non_MPB	0	305	0	458	5469	10	0	5	0	0	292	319	499	1646	8387	12
Sample163	Old Forest	Matrix Forest	0-5cm	Non_MPB	0	41	0	95	16728	0	3	0	0	0	11	161	0	1667	4915	0
Sample164	Old Forest	Matrix Forest	0-5cm	Non_MPB	0	25	0	15	15958	0	0	0	0	0	2	41	0	112	5705	0
Sample165	Old Forest	Matrix Forest	5-15cm	Non_MPB	0	22	0	14	23568	0	0	0	2	0	18	9	0	46	1883	0
Sample166	Old Forest	Matrix Forest	5-15cm	Non_MPB	0	0	0	417	8679	0	0	0	0	0	34	58	0	1531	16211	0
Sample167	Old Forest	Matrix Forest	0-5cm	Non_MPB	0	91	62	317	17165	0	0	0	0	0	76	94	11	1162	9726	0
Sample168	Old Forest	Matrix Forest	5-15cm	Non_MPB	0	65	107	181	13329	0	0	0	0	0	183	106	17	1428	10198	0
Sample169	Old Forest	Matrix Forest	5-15cm	Non_MPB	0	143	0	675	8669	0	0	6	0	0	195	170	44	1363	9300	0
Sample17	Recent Cuts	2019	5-15cm	MPB	3	120	222	269	654	4	2	2	0	0	224	612	0	4275	18127	0
Sample170	Old Forest	Matrix Forest	0-5cm	Non_MPB	0	3	0	579	4919	3	0	0	0	0	6	22	0	742	7934	0
Sample171	Old Forest	Matrix Forest	5-15cm	Non_MPB	0	5	0	92	8100	0	0	4	0	0	18	16	0	1373	1328	0
Sample172	Old Forest	Matrix Forest	0-5cm	Non_MPB	3	127	33	494	2351	8	6	38	0	0	426	363	41	2054	15523	3
Sample173	Old Forest	Matrix Forest	5-15cm	Non_MPB	0	17	0	7	4932	0	0	0	0	0	5	53	0	101	1686	0
Sample174	Old Forest	Matrix Forest	OrgC	Non_MPB	4	562	0	275	7561	2	0	45	3	0	959	1255	2126	1910	18507	4
Sample175	Old Forest	Matrix Forest	0-5cm	Non_MPB	0	0	0	634	6709	4	0	0	0	0	9	26	0	414	7118	3
Sample176	Old Forest	Matrix Forest	0-5cm	Non_MPB	0	87	0	3	39135	0	0	0	0	0	4	49	0	145	2510	0
Sample177	Old Forest	Matrix Forest	5-15cm	Non_MPB	0	79	0	105	13658	65	0	0	0	0	54	78	0	615	23621	0
Sample178	Old Forest	Matrix Forest	0-5cm	Non_MPB	0	32	0	18	12598	19	0	2	0	0	0	41	0	296	6276	0
Sample179	Old Forest	Matrix Forest	OrgC	Non_MPB	3	39	0	12	3175	328	0	58	0	0	4195	2197	0	1343	13654	75
Sample18	Recent Cuts	2019	5-15cm	MPB	0	189	32	136	252	0	7	5	0	0	190	211	0	2841	29639	5
Sample180	Old Forest	Matrix Forest	5-15cm	Non_MPB	0	89	90	1830	903	2	0	21	0	0	500	311	39	3293	17695	15
Sample181	Late MPB	2013	0-5cm	MPB	0	9	39	13	180	0	0	8	0	0	151	320	0	472	6773	0
Sample182	Early MPB	2008	0-5cm	MPB	0	117	106	36	2037	0	0	12	0	0	353	207	17	1206	9971	6
Sample183	Early MPB	2008	0-5cm	MPB	0	42	10	41	2894	0	0	12	0	0	15	70	0	386	7268	0
Sample184	Early MPB	2009	0-5cm	MPB	0	310	8	1381	7187	0	0	57	0	0	215	607	34	2837	17819	0
Sample185	Early MPB	2009	0-5cm	MPB	7	437	194	645	469	125	0	251	0	0	353	3307	22	1859	15853	42
Sample186	Late MPB	2013	0-5cm	MPB	0	125	15	129	11061	4	0	0	0	0	65	26	0	1572	15536	0
Sample187	Early MPB	2009	0-5cm	MPB	0	68	104	24	11586	0	27	9	0	0	194	381	35	2189	29717	6
Sample188	Early MPB	2009	0-5cm	MPB	0	640	34	708	21777	2	0	66	0	0	147	2443	360	5706	12889	8
Sample189	Early MPB	2008	0-5cm	MPB	0	57	76	47	282	0	0	0	0	0	7	144	0	720	19865	0
Sample19	2nd PreMPB_NEW	1992	5-15cm	Non_MPB	0	166	0	2017	21472	22	0	18	4	0	1580	837	380	1721	17913	7
Sample190	Early MPB	2008	0-5cm	MPB	0	386	54	517	10402	0	0	49	53	0	294	1046	52	4892	19195	170
Sample191	Early MPB	2009	0-5cm	MPB	11	59	12	17	9327	6	0	84	0	0	183	185	0	509	10867	0
Sample192	Early MPB	2009	0-5cm	MPB	0	138	19	109	8163	0	5	9	2	0	24	281	6	799	11482	0
Sample193	Early MPB	2008	0-5cm	MPB	45	515	37	153	1212	10	0	18	0	0	323	684	155	2149	15749	30
Sample194	Early MPB	2008	0-5cm	MPB	0	122	309	38	5586	0	0	54	17	0	183	2222	24	1758	11282	0
Sample195	1st PreMPB_Old	1986	5-15cm	Non_MPB	0	48	50	407	25497	0	0	0	0	0	111	47	0	893	5038	0
Sample196	Old Forest	Matrix Forest	5-15cm	Non_MPB	0	102	0	2	11620	4	0	0	0	0	51	72	2	1253	17482	0
Sample197	1st PreMPB_Old	1986	0-5cm	Non_MPB	0	35	0	223	16055	0	3	2	0	0	16	24	9	290	2921	0
Sample198	Old Forest	Matrix Forest	OrgC	Non_MPB	0	26	0	114	12793	178	7	0	6	0	958	109	0	2106	13564	8
Sample199	1st PreMPB_Old	1986	OrgC	Non_MPB	0	220	0	217	25095	0	0	4	0	0	99	94	36	758	8597	2
Sample2	Recent Cuts	2019	5-15cm	MPB	4	311	0	483	9125	0	2	41	0	0	170	429	0	3731	25776	0
Sample20	Recent Cuts	2019	5-15cm	MPB	0	191	436	110	655	0	0	31	0	0	100	450	13	2153	46248	0
Sample200	Old Forest	Matrix Forest	OrgC	Non_MPB	0	213	22	3	8902	0	0	9	3	0	117	150	386	592	12278	7
Sample201	Old Forest	Matrix Forest	OrgC	Non_MPB	0	47	0	61	18385	81	4	0	0	0	338	441	2	576	9986	86
Sample202	Old Forest	Matrix Forest	OrgC	Non_MPB	0	300	0	32	19977	41	3	4	0	0	1063	1475	0	1533	26810	6
Sample203	Old Forest	Matrix Forest	OrgC	Non_MPB	2	143	0	47	25758	118	2	0	0	0	537	586	0	628	12229	7
Sample204	Old Forest	Matrix Forest	5-15cm	Non_MPB	0	27	132	285	1685	5	0	0	0	0	49	3033	4	380	26364	0
Sample205	Old Forest	Matrix Forest	OrgC	Non_MPB	0	135	49	49	3338	6	2	11	8	0	171	435	6	1103	22666	9
Sample206	Old Forest	Matrix Forest	OrgC	Non_MPB	13	857	592	193	15524	14	10	156	0	0	1000	2468	295	4474	50002	183
Sample207	Old Forest	Matrix Forest	OrgC	Non_MPB	0	115	57	104	1343	0	0	5	0	0	186	1541	50	969	6823	8
Sample208	Old Forest	Matrix Forest	0-5cm	Non_MPB	0	35	0	18	9691	0	0	0	0	0	65	43	0	294	4423	0
Sample209	1st PreMPB_Old	1989	0-5cm	Non_MPB	0	157	2	155	9329	3	0	0	0	0	22	651	52	1136	4632	0
Sample21	1st PreMPB_Old	1988	5-15cm	Non_MPB	0	0	0	27	21379	0	0	0	0	0	112	153	0	322	11155	0
Sample210	Recent Cuts	2019	0-5cm	MPB	0	1579	462	190	2577	0	2	65	18	0	607	855	56	2473	28420	22
Sample211	Recent Cuts	2019	0-5cm	MPB	0	184	102	11	3049	5	0	23	0	0	74	165	0	1241	18982	0
Sample212	2nd PreMPB_NEW	1992	0-5cm	Non_MPB	0	289	0	21	25884	0	0	0	2	0	68	603	25	797	6604	0
Sample213	Recent Cuts	2018	0-5cm	MPB	0	155	0	69	1967	0	0	0	0	0	757	251	2	880	19282	0
Sample214	Recent Cuts	2019	0-5cm	MPB	0	56	0	45	16	0	56	21	0	0	159	135	0	1044	9966	2
Sample215	Recent Cuts	2019	0-5cm	MPB	0	354	1227	112	104	0	0	69	3	0	406	1582	13	2454	19777	0
Sample216	1st PreMPB_Old	1989	0-5cm	Non_MPB	0	77	0	8	7042	0	5	0	0	0	13	908	31	284	21460	7
Sample217	1st PreMPB_Old	1989	0-5cm	Non_MPB	0	131	16	91	18734	3	0	0	3	0	130	1035	45	1233	7478	5
Sample218	2nd PreMPB_NEW	1996	0-5cm	Non_MPB	0	26	0	40	3608	29	0	0	0	0	32	97	0	201	17119	0
Sample219	Recent Cuts	2018	0-5cm	MPB	0	242	23	219	511	87	0	30	0	0	148	353	0	3457	16461	0
Sample22	Recent Cuts	2018	OrgC	MPB	4	237	0	206	213	142	21	60	9	0	1291	2058	30	2087	23861	16
Sample220	Recent Cuts	2019	0-5cm	MPB	0	191	47	77	916	0	0	0	0	0	156	3812	4	1554	10579	0
Sample221	Recent Cuts	2018	0-5cm	MPB	0	44	36	54	2832	43	4	2	0	0	138	1210	14	1316	12978	0
Sample222	2nd PreMPB_NEW	1996	0-5cm	Non_MPB	0	228	10	578	14410	53	3	0	64	0	140	3527	107	1898	9976	0
Sample223	Recent Cuts	2019	0-5cm	MPB	3	613	0	136	6550	0	0	22	19	0	225	333	0	2896	22740	0
Sample224	1st PreMPB_Old	1988	0-5cm	Non_MPB	0	111	10	192	10836	0	0	4	0	0	44	514	23	468	9693	0
Sample225	2nd PreMPB_NEW	1992	0-5cm	Non_MPB	0	129	3	234	17560	3	4	4	18	0	230	649	142	790	6718	0
Sample226	1st PreMPB_Old	1988	0-5cm	Non_MPB	0	19	6	36	14358	2	0	3	0	0	36	57	9	283	5825	0
Sample227	1st PreMPB_Old	1988	0-5cm	Non_MPB	0	61	8	48	3965	0	0	2	0	0	6	1008	19	393	5781	0
Sample228	2nd PreMPB_NEW	1992	0-5cm	Non_MPB	0	107	8	476	13539	0	10	2	6	0	1802	2231	266	1384	11010	7
Sample229	2nd PreMPB_NEW	1996	0-5cm	Non_MPB	0	44	0	12	4991	39	0	2	0	0	14	78	0	199	7559	0
Sample23	2nd PreMPB_NEW	1992	OrgC	Non_MPB	0	126	0	828	1232	0	60	314	21	0	7173	4064	660	3617	19121	23
Sample24	Recent Cuts	2019	OrgC	MPB	6	1404	16	161	102	12	8	173	68	0	4625	1453	446	4768	12095	106
Sample25	Recent Cuts	2019	OrgC	MPB	164	339	0	476	189	70	20	149	217	0	2387	1939	17	5082	25654	0
Sample26	Recent Cuts	2019	OrgC	MPB	14	542	121	199	435	70	23	30	38	0	1409	1229	136	3256	27092	73
Sample27	Recent Cuts	2018	OrgC	MPB	0	433	0	106	154	458	27	50	31	0	643	458	6	1829	14437	5
Sample28	2nd PreMPB_NEW	1996	OrgC	Non_MPB	0	208	0	37	5761	489	32	58	51	0	3983	1234	65	2359	11447	10
Sample29	1st PreMPB_Old	1988	OrgC	Non_MPB	0	372	5	70	19480	352	5	23	70	0	463	295	423	988	11411	14
Sample3	Recent Cuts	2018	5-15cm	MPB	0	331	0	45	1765	5	0	0	0	0	423	248	0	947	23396	0
Sample30	1st PreMPB_Old	1989	OrgC	Non_MPB	0	463	0	128	7216	9	0	71	13	0	1236	1157	1093	674	15255	13
Sample31	2nd PreMPB_NEW	1996	OrgC	Non_MPB	0	186	0	197	2822	6849	32	225	730	3	9275	1907	152	5017	15140	31
Sample32	1st PreMPB_Old	1989	OrgC	Non_MPB	0	85	0	51	7108	104	8	7	30	0	600	680	211	1998	8268	46
Sample33	Recent Cuts	2018	OrgC	MPB	0	67	0	34	267	6	6	0	0	0	3514	309	4	982	15323	0
Sample34	Recent Cuts	2019	OrgC	MPB	4	215	0	308	21	62	11	30	81	0	2400	950	8	2655	20297	44
Sample35	1st PreMPB_Old	1988	OrgC	Non_MPB	0	285	4	125	23617	23	3	2	2	0	122	408	211	942	14741	0
Sample36	Recent Cuts	2019	OrgC	MPB	0	110	11	12	123	8	11	9	59	0	200	2914	9	575	4028	23
Sample37	2nd PreMPB_NEW	1996	OrgC	Non_MPB	0	588	16	129	18272	205	2	14	2	0	330	913	65	1433	14564	14
Sample38	2nd PreMPB_NEW	1992	OrgC	Non_MPB	0	491	0	379	16253	16	0	0	35	0	276	2751	221	1203	5765	3
Sample39	Recent Cuts	2018	OrgC	MPB	0	198	54	90	512	163	27	60	0	0	1198	1785	258	2435	23055	5
Sample4	2nd PreMPB_NEW	1996	5-15cm	Non_MPB	0	20	0	6	2961	29	0	2	0	0	5	45	0	321	20231	0
Sample40	Recent Cuts	2019	OrgC	MPB	0	575	149	289	29	176	20	80	105	0	6402	5807	33	2486	18887	2
Sample41	1st PreMPB_Old	1988	OrgC	Non_MPB	0	186	0	88	11153	235	0	17	121	0	572	2470	826	1370	12657	18
Sample42	Recent Cuts	2019	OrgC	MPB	0	480	65	79	224	37	8	3	0	0	1303	1319	101	2620	22282	0
Sample43	1st PreMPB_Old	1989	OrgC	Non_MPB	0	354	0	227	14962	130	0	43	3	0	1330	888	927	1878	15305	12
Sample44	2nd PreMPB_NEW	1992	OrgC	Non_MPB	18	261	0	281	14375	0	32	55	206	0	1621	856	1194	1922	16116	3
Sample45	Late MPB	2013	OrgC	MPB	0	441	0	517	244	0	7	310	4	0	3947	3594	151	5567	10129	18
Sample46	Late MPB	2014	OrgC	MPB	12	337	49	368	17243	0	0	1228	233	0	1128	1110	392	5684	18839	2
Sample47	Late MPB	2013	OrgC	MPB	0	882	0	373	1092	19	13	426	29	4	2634	3744	449	9099	11758	18
Sample48	Late MPB	2013	OrgC	MPB	0	374	0	171	1600	75	43	139	0	0	1794	5074	16	4360	11869	17
Sample49	Late MPB	2012	OrgC	MPB	283	167	44	104	2	15	0	197	6	0	1682	2861	261	4685	15806	57
Sample5	1st PreMPB_Old	1989	5-15cm	Non_MPB	0	66	17	148	13694	0	0	0	0	0	44	702	16	3548	14258	0
Sample50	Late MPB	2014	OrgC	MPB	0	1285	0	7	73	0	11	204	81	0	690	453	93	2509	18954	3
Sample51	Late MPB	2014	OrgC	MPB	20	721	0	233	26	12	0	159	0	0	3200	7192	1657	6242	9870	5
Sample52	Late MPB	2014	OrgC	MPB	2	152	0	161	11491	0	0	36	1668	0	435	2270	12	1607	23256	29
Sample53	Late MPB	2012	OrgC	MPB	0	441	0	394	16	0	12	111	0	0	1049	3165	83	4356	24249	16
Sample54	Late MPB	2012	OrgC	MPB	27	319	0	1305	3265	0	0	83	0	0	1583	1396	388	4045	8294	86
Sample55	Late MPB	2014	OrgC	MPB	47	143	0	20	2959	23	73	159	0	0	828	387	0	3143	13397	9
Sample56	Late MPB	2013	OrgC	MPB	0	101	0	248	9963	0	4	16	25	0	964	255	0	1955	12152	0
Sample57	Late MPB	2013	OrgC	MPB	0	528	0	1437	1501	10	6	189	32	0	1543	881	714	4392	10670	22
Sample58	Late MPB	2013	OrgC	MPB	5	157	231	11	79	0	0	91	19	0	1405	5116	48	1531	15819	47
Sample59	Recent Cuts	2019	OrgC	MPB	0	562	0	2728	410	142	41	36	0	0	6697	1033	13	3352	20313	0
Sample6	Recent Cuts	2018	5-15cm	MPB	0	103	16	416	1597	67	2	24	0	0	86	247	6	4118	23133	0
Sample60	Late MPB	2014	OrgC	MPB	7	222	0	741	2505	0	20	357	13	0	1916	607	7	5232	10308	7
Sample61	Recent Cuts	2019	OrgC	MPB	0	16	0	34	110	57	9	2	137	0	1788	411	16	1811	12625	0
Sample62	Recent Cuts	2019	OrgC	MPB	6	309	0	1075	437	0	18	3	8	0	1027	567	3	6102	19372	4
Sample63	Recent Cuts	2019	OrgC	MPB	6	174	0	107	378	11	27	144	0	0	3486	495	44	4814	22341	5
Sample64	Late MPB	2014	5-15cm	MPB	0	232	375	771	656	0	0	70	0	0	913	1584	47	2921	16083	3
Sample65	Recent Cuts	2019	5-15cm	MPB	0	155	0	1511	3744	0	0	2	0	0	620	465	7	10880	21124	0
Sample66	Recent Cuts	2019	5-15cm	MPB	0	26	0	706	2684	28	0	0	0	0	409	96	7	3609	23163	0
Sample67	Early MPB	2009	5-15cm	MPB	5	439	55	1304	7952	0	0	54	0	0	512	622	48	3248	21042	0
Sample69	Late MPB	2014	5-15cm	MPB	0	90	47	988	9723	0	0	10	0	0	275	144	0	1986	29452	0
Sample7	1st PreMPB_Old	1989	5-15cm	Non_MPB	0	119	0	11	12688	0	2	0	0	0	34	1112	5	384	34067	2
Sample70	Late MPB	2014	5-15cm	MPB	0	127	0	384	6277	0	0	6	8	0	516	468	0	759	29003	2
Sample71	Late MPB	2014	5-15cm	MPB	0	137	168	151	2188	0	0	0	37	0	617	119	3	5745	21221	0
Sample72	Late MPB	2012	5-15cm	MPB	0	189	117	1941	155	0	0	90	0	0	848	716	8	2360	17605	0
Sample73	Late MPB	2013	5-15cm	MPB	0	20	129	47	3295	0	0	3	0	0	214	922	9	872	14719	0
Sample74	Late MPB	2013	5-15cm	MPB	0	191	51	400	6970	2	0	0	0	0	32	45	0	1245	19373	0
Sample75	Late MPB	2013	5-15cm	MPB	0	97	0	683	17126	13	0	12	0	0	80	370	36	1211	11529	0
Sample76	Recent Cuts	2019	5-15cm	MPB	0	174	62	316	2348	3	0	44	0	0	1193	185	13	2766	28707	0
Sample77	Early MPB	2008	5-15cm	MPB	0	609	163	662	4393	0	0	0	0	0	429	576	0	1600	21730	4961
Sample78	Early MPB	2008	5-15cm	MPB	8	195	36	91	1365	16	0	0	0	0	169	1031	17	886	18487	16
Sample79	Early MPB	2008	5-15cm	MPB	0	306	262	117	533	0	0	12	0	0	67	497	3	1651	28197	0
Sample8	Recent Cuts	2019	5-15cm	MPB	0	799	319	17	10165	0	0	0	0	0	311	262	0	1068	15448	0
Sample80	Early MPB	2008	5-15cm	MPB	0	31	97	15	1933	0	0	29	0	0	107	1005	0	227	4839	0
Sample81	Early MPB	2008	5-15cm	MPB	0	64	156	22	1625	0	0	16	0	0	248	254	10	1881	12689	0
Sample82	Early MPB	2008	5-15cm	MPB	0	81	43	9	2289	0	0	4	0	0	38	19	0	487	11254	0
Sample83	Old Forest	Matrix Forest	0-5cm	Non_MPB	0	212	76	271	19674	0	0	0	0	0	68	108	3	1491	16022	0
Sample84	Old Forest	Matrix Forest	OrgC	Non_MPB	0	141	17	31	17191	21	2	0	0	0	648	746	0	2278	8554	8
Sample85	Old Forest	Matrix Forest	NA	Non_MPB	0	40	0	19	12346	0	0	0	0	0	70	45	0	4676	16283	0
Sample86	Old Forest	Matrix Forest	NA	Non_MPB	0	137	0	0	16061	0	0	0	0	0	52	80	3	7863	17445	0
Sample87	Old Forest	Matrix Forest	0-5cm	Non_MPB	0	97	113	54	11125	0	0	0	0	0	42	171	0	549	15174	0
Sample88	Old Forest	Matrix Forest	0-5cm	Non_MPB	0	100	161	371	4966	6	0	15	76	0	121	5470	8	1180	57392	0
Sample89	Old Forest	Matrix Forest	0-5cm	Non_MPB	0	19	0	16	7673	0	0	0	0	0	36	34	0	479	7949	0
Sample9	Recent Cuts	2019	5-15cm	MPB	0	198	145	15	3665	5	0	34	0	0	194	141	0	1246	20464	0
Sample90	Old Forest	Matrix Forest	5-15cm	Non_MPB	0	86	46	300	12881	0	0	0	0	0	81	49	0	945	11455	0
Sample91	Old Forest	Matrix Forest	OrgC	Non_MPB	0	71	0	107	3595	43	60	7	0	0	1381	210	0	1177	12751	0
Sample92	1st PreMPB_Old	1986	0-5cm	Non_MPB	0	376	0	133	15497	7	3	4	0	0	106	2263	41	780	16279	14
Sample93	Old Forest	Matrix Forest	OrgC	Non_MPB	4	235	0	43	22526	0	0	29	3	0	2128	2031	10	2882	15614	3
Sample94	Old Forest	Matrix Forest	OrgC	Non_MPB	0	17	0	3	2761	0	0	0	0	0	141	109	0	217	1334	0
Sample95	1st PreMPB_Old	1986	5-15cm	Non_MPB	0	147	2	98	17902	0	0	0	0	0	21	590	0	655	19618	0
Sample96	Old Forest	Matrix Forest	5-15cm	Non_MPB	0	70	0	103	16034	12	24	0	0	0	322	79	0	1924	15749	0
Sample97	1st PreMPB_Old	1986	5-15cm	Non_MPB	0	51	11	186	10124	0	0	0	0	0	60	1824	0	989	14002	0
Sample98	1st PreMPB_Old	1986	OrgC	Non_MPB	62	309	0	344	1239	2491	4	375	0	0	5858	2786	1349	8392	25629	34
Sample99	1st PreMPB_Old	1986	0-5cm	Non_MPB	22	83	0	717	18240	231	0	0	0	0	326	5691	215	2528	18617	0